8285,39200
337,35674
11832,35130
11010,36655
6422,34661
11083,35624
11945,39711
8604,31780
6233,40007
4346,32562
16519,30006
1198,39742
5330,32644
5730,33173
11920,30248
16325,28294
21898,35024
4032,29450
17186,31022
8011,35734
5475,28318
20939,34306
19009,37477
16221,40331
18949,33597
11549,33027
2906,29185
10343,36393
3909,34449
6430,34457
25505,35198
8778,32847
3161,34700
23589,39151
2628,36392
24435,39940
22143,38096
1012,29172
16356,29149
7162,28907
13100,35224
20281,37388
1105,38610
7835,32799
17883,29748
11196,35937
6897,38111
19935,33685
3121,31045
9748,28506
20273,35196
21824,29511
17607,38066
277,32283
26069,28395
21739,27811
26986,34913
25130,34496
19862,38462
21387,34853
20273,35196
15979,28369
16343,31972
22996,36420
11379,35015
14599,39532
11159,36380
1570,30958
3332,33699
3430,36029
26200,32223
8394,33428
6162,39459
21073,37654
15288,29684
8255,30262
4720,37930
1794,38492
22533,31148
16018,31478
17212,39224
20626,38272
21986,38735
23387,38372
24801,34001
7711,36042
11146,35177
2067,32416
27597,35159
3087,32473
26731,29651
19790,28057
14604,38409
24007,35428
2037,28270
25556,34395
17259,30837
6288,39537
911,38970
3928,35700
1539,37153
5041,32614
25728,37195
25623,39977
6653,27678
16919,33402
25249,36396
6043,34128
5078,36830
14138,34790
27599,37958
594,32304
4182,28511
6758,37690
18787,33587
734,31123
237,32270
16026,31481
11372,36267
6466,39233
9746,35049
26060,37679
16380,29006
9498,35403
12567,38641
7990,38443
18037,33542
3014,37601
14908,36931
6215,39708
16899,40012
7967,35907
6348,31334
25220,34739
16061,31021
8458,31262
23319,34762
18542,33572
16728,34814
17910,32114
4939,31450
26461,34082
4670,36135
12322,30833
5577,35795
11392,35862
6701,30907
14459,38697
374,32285
27111,34124
20300,36012
18092,33549
2429,28287
3782,28076
3217,38753
13813,39261
4077,35670
15399,29804
6741,28811
3780,32169
6298,32713
83,29459
25395,36027
15404,33286
6062,27811
26347,32253
7833,36486
560,32297
23760,38155
17896,31396
4224,29143
5967,34232
11582,28605
1376,28217
16767,31578
2455,31519
26775,37127
23590,39152
3534,29488
8885,35675
93,29670
9575,39506
2723,32454
21545,34968
10682,30452
27111,30067
359,38347
17256,28044
21493,35527
2876,36299
10505,39560
6279,32712
17916,33528
24114,36307
2021,30071
11811,35521
263,32279
1374,32347
12179,33067
26982,34114
654,35453
3332,33699
17596,31163
24841,31297
20841,39727
4652,30622
10169,31536
12428,39168
16862,33398
10414,36772
19294,33638
548,31371
4624,35935
1611,29476
8534,29214
19782,39737
8018,36284
8713,28543
3572,30285
22733,29905
20720,38508
9274,38207
15749,35131
9397,32896
24991,35114
13753,30649
8150,32814
4042,32541
17599,33492
22779,37767
27497,30997
26875,37921
26220,34909
12187,33074
6841,36504
14083,28120
21726,29879
21185,36858
27498,30994
26745,34100
20955,31648
25712,38349
4798,29584
21806,36001
16462,33354
11056,36367
22828,33853
10847,38999
13389,35467
24782,33999
14009,33181
2298,32433
1487,29189
21249,33057
3721,36943
9942,38200
2922,37221
19578,38903
14102,31059
8874,28202
14428,30019
4221,29143
5248,28276
16478,33356
9770,36300
19673,37975
18908,37816
24906,28177
354,37204
27182,28747
9617,39866
8913,37731
12520,36589
6890,32748
18119,33552
12410,37117
4340,38856
3028,31089
15312,35493
17846,33521
16559,29525
1805,28322
12962,35299
3514,30701
18340,30172
13023,34732
2779,38269
9753,32930
11583,28605
24853,28679
14541,28899
8760,29106
17127,33420
11540,33025
4264,36207
25932,34061
3029,31093
1946,35259
4833,29302
8225,39936
24288,29127
23050,34554
24059,30784
13131,35923
26189,38677
21047,39571
23597,39684
5683,36211
12496,37985
20359,29047
18562,36056
1979,36242
8934,32857
10678,36445
13819,37976
2044,32412
20441,31393
19029,37843
5559,36369
6103,36323
4331,30871
27186,34129
17665,30662
3143,34898
25789,31468
14113,39858
11530,33020
5589,34978
20499,35711
17388,29645
10395,36159
16325,33340
21695,29981
14271,28546
8804,39777
5150,32623
6209,36835
15793,36710
9380,32894
5335,37425
23644,35003
22432,31055
24315,39341
22074,33790
22682,33840
23884,39326
20038,33693
22514,37790
16991,31427
7478,32782
26745,28283
23060,33871
4270,39425
13726,39484
222,32267
23489,36567
13392,33126
10858,32996
7946,36574
25815,34046
23781,36223
5422,30317
16248,37829
25497,36134
24970,35035
18975,33604
308,30574
18501,36572
22734,28805
1092,32333
1822,37619
17286,33445
18071,33548
25184,36804
12185,33073
16447,39441
26380,36911
15342,35241
5220,32631
17375,35451
8197,31847
19167,34755
21992,30866
11059,36360
15376,37991
4071,37346
7548,29738
7238,30175
26088,30698
13792,31944
21373,38506
7670,34400
22533,31138
20469,34797
20134,28698
14761,29021
7742,34511
17221,28318
26924,29553
1845,32396
23752,37955
16914,29836
23003,35648
5319,38122
23731,33928
16732,34816
2961,35566
19954,33687
11694,36761
19896,35799
558,32296
8188,32819
21293,39568
15338,33283
24214,35098
15081,35857
26703,39800
23116,31061
16347,39904
10109,30836
2024,32589
200,30229
14668,38625
17840,33519
16482,28839
10920,37720
8997,39009
17828,31810
21136,36450
10858,31773
24964,36039
17511,28085
10750,38324
26392,36472
23805,37470
19192,31920
13471,33134
19110,34424
2964,34740
25622,39975
21367,39267
23097,33879
9646,37144
1795,38493
16900,35359
6120,28794
26781,39790
26283,38732
23693,38512
25082,34022
19116,31819
22433,33826
18933,27951
401,38056
7661,35112
17917,33527
24371,37804
14106,28089
16004,30888
14805,33248
24723,39417
24520,30412
18107,30939
24646,30796
23904,33949
17204,28497
20565,34588
13034,36287
6118,34654
4102,40564
21744,37662
14107,33200
5574,35710
24817,37939
25044,27761
5906,36547
14303,37497
25527,34394
4629,32571
5717,32675
18841,29110
23049,39448
10399,36133
6145,37724
17034,36570
367,32179
5029,37383
23016,28391
6875,30591
21561,35917
19055,33616
14988,28476
17018,33413
5922,28006
10172,31543
8753,28676
17715,32502
25861,28275
26187,38676
15405,41296
12194,33076
2692,34649
308,30574
19657,33672
25609,39600
18173,39002
26148,29194
15957,33307
12656,34541
374,32285
2333,30857
3887,31296
2194,32425
5935,32688
26909,38131
14992,29955
6932,34597
26819,36503
11399,36765
24438,39300
21848,38037
1807,32206
2585,34991
19069,35415
25177,36362
10245,41453
24521,33986
2575,35232
4880,32598
16483,34838
8533,30551
1689,28762
8880,31267
19819,27940
10221,34934
8883,31269
17587,39577
21332,35399
18919,37295
27020,34118
11331,35352
16131,31554
7162,32759
10147,36619
14244,37562
147,40936
27042,35691
25139,34996
17145,33427
21246,30197
26075,42400
11580,33037
2870,38280
18604,35536
16881,39008
26497,34086
13004,36849
427,27889
14860,30848
4179,32548
23076,33875
23506,38501
8782,28596
18495,28416
11046,34742
838,38684
18710,38388
13250,41202
23647,35002
14428,33220
991,38090
272,38650
6244,37746
9256,32889
5752,32676
2721,34029
3768,32511
13933,37536
6263,32710
9421,31287
16175,37468
5160,32625
3767,28297
25929,39607
2194,28712
27364,34155
16747,39265
21155,35135
22237,33812
5221,29131
5747,30404
18785,38825
8424,39863
80,29683
21468,31531
7053,35295
23078,30214
22187,41351
22230,28955
10108,32945
14843,33251
4292,37131
289,40860
7190,32765
7731,34328
19572,33666
11761,36384
10972,28122
26269,31201
7015,34435
19371,33646
22051,27895
7360,31692
3205,32479
17580,33490
9555,37266
25396,36028
20039,33694
2840,39594
18017,33538
26413,37872
18276,29720
19118,31819
22237,33812
12000,35722
11092,34885
14974,36998
11626,33042
18257,36812
17540,33481
3958,34475
10895,29255
9475,39145
5173,38570
13302,35554
5156,35388
165,37706
18058,33545
22519,37478
13426,33129
19922,35819
9031,30915
19598,35692
13959,28566
5040,39457
1184,31506
10546,34859
11728,35202
27504,31031
222,32267
10157,38874
5907,36548
742,34913
13506,31251
18701,33581
23008,42004
1709,27941
25230,35926
21251,38901
3356,30220
17886,29894
16144,33326
18797,40041
23757,38157
21992,33784
3891,34651
27102,34122
9186,35491
17128,33420
23530,33914
19663,37567
8407,35575
9473,39144
15536,32982
25041,34016
23589,39150
7894,35632
11976,35362
20040,29794
1070,27954
24283,38380
21165,34255
7652,35148
21423,35775
2578,34583
2235,29816
17887,38854
12774,33113
21899,36739
27404,34161
4477,37298
3168,34931
9675,37275
23586,33924
1103,38613
487,37253
26611,32955
3258,39124
21866,35155
16340,31776
25298,35830
27217,41773
11551,29764
14469,29500
13313,35585
5898,37665
635,41105
19287,33636
7083,32750
2386,34845
8280,32825
2003,30329
24908,28177
6759,37691
9651,37149
3604,37715
263,32279
11796,34703
15482,40972
18206,28103
2335,30857
6874,32744
1807,30202
17462,31290
4130,39082
24570,36948
14297,36546
3040,32187
8844,39700
14802,38959
13017,35543
19067,35413
21257,31642
17081,37546
11121,34694
6494,29704
3610,39915
13959,28566
18175,39003
682,31034
21890,29060
6974,39783
23072,33875
23230,36447
7661,35113
15499,37624
19455,29226
19760,33678
26670,28936
18735,33582
3943,35817
20875,38393
8325,37271
13792,31943
5717,32675
252,32274
23421,27869
4550,28614
11772,34330
26464,34082
15969,27851
26704,39803
12528,33099
6813,34937
17956,27737
19984,38742
17116,35285
14106,28089
14679,38768
20148,36980
14820,38126
6437,35240
541,39240
26464,31588
16218,31441
27308,37682
11674,37216
18092,33549
16609,33373
8685,37229
596,32305
4539,31883
25243,36920
21140,35246
2450,32447
3816,32522
1817,36407
11923,34752
16746,39264
16516,30006
16892,29414
27498,30996
23551,33920
10463,36535
24656,33994
22353,31608
17258,28046
5105,32616
682,32312
7982,36149
10173,29591
7007,35798
9477,37893
10286,36749
11403,35803
14625,39705
25399,34461
25317,35255
16941,33409
20994,33734
8538,33233
24428,37678
2170,32423
121,35458
25024,35836
9642,39716
12650,35943
9977,39118
19272,39046
27186,34131
13998,35770
4444,29660
24267,37509
11575,33032
13357,35863
13754,30145
16479,33771
9109,32881
18456,30697
30,38196
10936,39925
12233,31212
17199,30723
1505,31584
15825,35291
45,31764
7161,28907
16577,30514
10783,28509
2275,32431
14018,33184
25723,37505
16610,28098
3114,35959
16188,33329
11271,33014
25772,39154
1029,31128
16594,38094
19052,33613
22864,39659
6319,35672
1223,32342
12052,33054
27199,34132
2541,32453
15076,33266
6348,32715
27184,34129
2622,35248
2485,32452
1008,28628
14364,37647
17794,33509
11172,34972
7766,36853
24180,31051
17131,38061
14215,32206
14492,33230
557,31805
25644,28369
571,32299
18286,38441
18231,33556
8394,30359
14121,36411
22297,33817
2984,38526
26784,39793
13734,38240
6,36540
7229,30164
9694,32029
26831,34102
14942,33258
21462,33763
8107,35955
3676,34489
17606,38064
13527,37659
14996,37602
19706,34765
4308,32558
13282,36656
4850,32592
17745,37097
20507,33716
1848,32395
17500,33473
27307,37681
18252,34878
11057,34976
21557,28391
11679,39620
22746,33847
24476,28862
2927,39661
25378,34821
27504,28270
19178,35612
8309,34577
16831,39106
18304,38596
24875,29999
12029,38860
26482,37074
56,32251
1681,35066
3733,32509
8642,37747
23272,37762
294,35054
4749,27646
19164,30735
10876,33002
23347,35397
1703,32373
25435,35883
14740,31885
17656,41429
13551,39435
15012,33260
11238,36075
2163,32419
3825,32532
1885,32397
7695,34896
1821,37618
16960,31619
21227,34339
16576,33367
6739,32736
24391,33976
8409,38931
927,36035
6814,34938
581,34404
13821,27957
15939,28868
17033,36569
16353,29987
15549,33293
26088,30699
24961,35189
23784,35312
22775,38267
7712,36208
3395,38500
17379,33462
18735,28587
12903,36154
18741,38830
26361,34079
16889,29416
19226,36095
21809,36002
16837,29318
27043,35690
2784,32457
11905,33049
15740,34675
18771,31314
16769,31572
18473,34440
11386,35542
16496,39691
13636,38996
14992,29955
24783,39759
24537,28974
12559,39164
17819,33517
24894,30593
7529,41600
26184,39335
22520,37480
6186,37060
20405,37940
17543,33481
10586,37934
7748,36047
11735,35741
485,30000
19606,35235
6203,36963
23288,29596
4926,41992
13167,31490
19936,33685
25719,37010
20918,39422
245,28411
7552,32789
7738,34713
26004,35796
17432,33463
8674,30088
19072,37623
11186,34948
1647,30813
6429,34456
9010,35552
5938,28791
16710,29881
26563,39187
20584,29546
7123,38626
20387,33710
19899,36088
2407,40646
22504,33830
23427,33913
4233,37639
16961,33412
22530,31138
5132,30747
11530,41657
8403,32768
8338,38576
22075,27865
11988,35101
9,27746
8912,37730
12522,33097
10214,34378
5627,39116
13068,36341
21169,34780
15454,31559
24517,36894
24995,35033
9109,32883
10801,39025
1228,32345
4472,38083
9090,38183
18608,35914
1914,34656
27102,28588
26285,38734
19935,33685
25281,35793
17610,38065
27247,34141
15636,41461
9359,38314
4749,32584
25047,27756
21918,35221
7928,34250
17109,29145
25268,35924
1508,31584
2968,36327
21463,33760
16658,31234
3822,29633
20295,38916
20686,29907
464,41339
21464,35842
5713,32672
5623,36399
22237,29805
7883,34715
22379,35557
22986,27709
22353,33818
20145,36979
4701,36406
6195,29667
844,32319
16507,33360
18284,38440
17898,27811
7161,32761
17737,29818
162,38846
1140,32335
17498,33472
6094,29067
2352,39062
2986,38528
7547,29734
14781,33242
5135,38343
24648,30796
21568,33768
23499,35412
15200,31511
10221,34933
15307,38589
24194,33965
11637,41085
11007,34922
15027,39330
3710,28407
970,36834
2906,29186
26608,29695
11481,38730
16640,35418
21253,33743
11308,34522
12413,37120
5126,31346
5474,32658
5497,32661
17601,27819
3572,30285
14554,31381
17259,30837
13855,33157
9270,39094
18499,32826
21253,31299
2787,32457
13593,35197
18870,27875
9,27746
23254,33897
23719,33925
1472,39685
21286,39313
22067,36954
13094,34299
26019,34065
16866,33398
11501,36778
2572,35629
19799,31918
9996,29077
26746,39641
13932,37535
17186,33433
24613,39193
23652,36528
11100,36798
19855,38024
26682,34092
4739,32580
681,32312
25965,29433
4140,28878
11359,35085
13397,38073
24288,33966
1723,27685
21747,37061
20948,37355
8282,31491
18360,38783
25519,35812
21930,35881
9660,32921
27120,36971
987,30198
16605,32387
12819,41011
14073,38791
2124,38555
23168,39533
20663,37579
14808,29672
5738,39018
17855,33522
3997,37717
8971,29349
24148,36289
6265,32709
5484,42171
1146,38727
17487,34914
21715,31830
2299,30048
5140,32622
3092,32476
15079,33266
10173,32951
21260,31642
20387,33710
2044,31434
19311,30587
2757,29372
10635,30828
8534,29214
5816,39296
2098,38770
8005,36350
21897,35023
24414,39565
22829,30825
1917,34900
16754,28707
13993,36036
8169,29285
24280,34653
21468,31531
24307,30336
7556,32202
23327,29784
22090,34319
20427,37982
21690,37967
12348,32226
16760,30409
7680,35021
15201,33276
24906,30401
20409,33712
24801,34002
13892,31087
20523,31645
922,34893
9777,39076
23254,33897
13748,33145
26967,28573
10391,36131
34,37915
16599,30741
8151,30971
18119,33551
23871,38722
3788,32517
17292,27866
2637,35216
18933,32467
16355,28648
582,37260
26712,38513
14084,41319
4325,37454
16177,29576
10375,35331
5102,32615
24179,31048
23570,29715
19707,34765
20092,32140
27321,35494
17742,37257
11777,35940
20582,39226
7228,30164
18394,38424
17543,31372
9020,34634
8925,35573
17276,33443
14396,39605
24225,36276
21861,33783
25962,29433
2887,32459
22732,29903
16936,33405
1549,39188
22170,37797
594,32304
21682,35281
4095,31237
16889,29410
12216,33081
23873,38725
7788,32795
9646,37147
12243,33085
21288,39314
24593,35639
23429,30447
3016,31227
26924,29553
12955,31724
271,37244
22918,31041
22944,29550
22863,31790
25030,34010
8604,32839
25729,37196
15783,36727
26344,39679
18951,33597
20519,33720
22938,33858
26491,35449
18949,29124
7929,35076
4572,40806
5041,27737
11268,36997
2429,28287
15618,39182
13147,33115
15411,42270
167,28261
22674,37296
23409,31410
10864,30179
23008,42005
11936,37108
23585,33923
7984,31315
26996,34349
11523,27911
20997,33734
2161,33399
23768,35580
3049,29572
632,28717
18488,39799
11629,33042
1900,30128
16856,33397
2088,36846
17846,33521
9618,36476
24394,38745
12052,33054
3618,31759
11171,34995
19316,37559
21864,35154
13866,33159
13775,34870
6453,36153
3884,37710
1913,27969
355,37202
21721,33772
15004,35408
24950,36162
9574,39504
15966,27853
15838,36226
7381,36158
14977,37000
27212,30043
10265,38074
9710,32922
16603,30740
24997,33714
5418,39922
10886,28259
540,31727
14223,38368
12662,34705
12203,39444
2693,34650
7715,31197
15358,37426
7151,36940
21352,31685
16349,28414
4041,32541
22700,33843
12979,34961
8435,39880
23176,33887
16530,31223
22827,30825
12546,33100
6425,35568
16018,33320
1448,39196
23930,35659
15950,35663
4659,30624
3089,32473
23992,39666
22780,37766
2273,30375
10103,31321
18829,29562
25341,35794
3423,34219
13903,33166
17006,31233
9761,37233
6457,34453
8432,32827
17646,29373
17451,33469
6579,30646
7358,31691
20013,33690
11476,39452
13961,31850
24116,30769
22882,27740
10841,28435
9035,32863
13639,29063
6721,31721
6959,35912
15296,28181
7342,32161
18757,38878
9397,32896
13637,29063
23313,34448
12589,39412
7952,37909
24815,37937
14610,40027
4861,32596
6142,41151
17335,33456
24802,27810
16633,40005
11523,33017
9637,32920
8892,32852
25863,28273
8279,32824
20098,29101
5075,36829
1226,32344
19164,33625
20376,37069
3555,32497
24476,33977
5161,32625
23533,33915
27096,37889
6812,38749
17219,28321
23794,33930
407,28657
19700,27662
11625,33040
18711,39845
25576,34603
6232,37989
25285,36107
2340,30960
21000,39400
6119,28794
20098,28979
18530,37521
15933,38411
15264,33278
22093,30746
17597,31163
27022,34118
4662,30621
374,32209
15764,34374
15977,28073
11480,38728
10075,37086
148,32262
521,28995
16478,28834
18887,39990
25101,35077
8108,35266
23589,39150
13469,31052
12352,33095
27207,34136
1111,39586
5261,31191
5284,32637
23279,33902
20554,29542
17279,33444
10514,29971
18542,33572
11742,34639
25800,34043
14496,35509
27286,31230
1926,35168
9276,38209
6911,36169
3547,28984
23684,40008
10492,32955
26045,34069
18571,34724
11703,34393
5176,38575
11358,38688
23714,37395
7050,35010
22530,31148
13597,34447
15329,36263
17486,34912
22051,33786
819,38193
7823,39503
2044,31434
6772,31999
579,34403
22654,31017
27369,31858
27206,30107
1435,39839
19210,31469
10073,37089
83,32256
19103,28187
16400,39159
17704,28689
7580,39251
13621,35864
17423,36523
8734,30543
8429,31421
7739,35753
12982,35067
4720,28374
17597,33491
6613,35212
18806,36587
9657,32921
26733,34099
26740,28283
16615,33376
25349,35831
10752,38325
11629,33043
21256,33743
18146,34828
3733,32509
7101,32751
1847,41365
6091,32702
13812,28583
5625,36400
2359,32440
14186,31365
16911,29832
15442,37290
15071,30861
23163,29473
20283,30281
25213,36791
7225,38635
14595,39527
20048,37674
9439,36183
21262,38296
16837,29317
20032,39541
7899,34415
23429,30447
24788,37307
4739,32580
10268,38078
25950,34314
18119,33551
10409,36096
25477,36259
3019,37456
3603,37713
14740,31885
18519,38693
7012,35693
25638,34033
26067,28395
1939,34302
26007,35920
24894,30593
12588,39403
3924,35117
24535,28769
4793,36831
19415,37545
10911,31173
19426,38585
17999,36553
1944,36257
11523,33017
25447,28365
6751,30137
17636,38092
20748,31368
3020,37457
22940,38546
26816,36502
14018,33184
20215,41919
4950,28264
11530,41658
14970,39960
24386,33973
20038,33692
80,32254
24624,35643
17381,29884
16992,35469
14807,33250
3534,32495
13558,37079
24916,36521
25819,34046
226,28789
15873,38109
11024,36753
2450,28918
11969,33052
21154,35134
14438,37968
13685,30929
947,38330
22429,33824
6945,35721
13975,33175
1328,31265
13358,34516
3159,34812
4368,36296
19567,39246
21538,36795
12467,38299
26748,39642
4917,32604
18395,38425
20134,33696
15932,38410
27113,30067
24112,36306
24449,37168
1723,32381
9443,28004
7459,38423
11167,34998
2166,32421
23409,33909
19735,38885
10585,37933
20288,33701
7083,32750
16225,27826
26976,29002
16224,29958
8655,32061
6755,39148
9021,34635
11677,39615
3176,35970
9268,39092
26675,29269
26815,38303
3189,34495
13519,28769
844,32319
8780,29657
8254,32821
20006,35655
12483,39788
5160,32625
22257,40050
13504,31251
16350,42149
25447,28365
17916,29952
17511,33476
12971,34629
25883,38759
1894,32739
7104,32751
15702,38305
17184,33429
12164,33066
15069,30860
967,36833
26400,30838
16168,37876
18194,30091
26045,34069
17341,29887
246,32274
6969,35699
18276,29720
11225,34586
9312,35046
6570,39384
13879,32214
7935,36563
4206,38530
17926,33533
23378,37190
25216,34691
19224,38788
4906,37380
3013,31386
12252,38339
17286,33445
4861,32596
13173,33454
21274,29142
24575,37186
19264,33632
25086,39559
4466,38761
17199,33434
12957,34802
16705,33382
24590,35638
7681,35022
13491,33576
10067,27660
5223,27962
20451,34817
10174,32951
12018,30840
7514,27811
14007,27980
719,32371
23016,33868
19693,39805
23078,27958
22532,31142
5937,32690
16609,28098
7994,39602
11792,35858
20409,33712
21314,37914
14054,33193
1523,31803
2740,36355
16635,40006
26331,39461
15721,38033
25858,34052
12068,35713
26636,31120
17916,33528
19113,31726
12181,33069
22334,39209
12640,35064
16430,33350
24922,31238
12332,33092
5866,36115
14103,33198
4696,34428
12837,39997
4812,38702
5845,30240
17957,27749
25455,35239
27548,28383
22731,29903
3767,32511
2636,35215
17498,31108
12781,31374
20206,35396
17222,28055
8780,32847
2636,35216
14078,39068
26922,29553
15645,37431
19760,28623
23942,37142
17436,33464
6086,34820
3845,32538
24667,40020
6698,30726
6898,38113
11165,34465
20335,29795
199,30225
2359,28769
17047,38169
5112,29861
23209,31767
17202,33435
25079,34020
21491,35526
24876,28828
19482,29816
19695,38353
13041,34622
7238,32769
16600,30740
5834,32683
14676,38765
22985,33865
562,32298
18931,33595
25926,34059
10408,36103
5861,32686
21660,35351
22700,33844
5831,38494
6654,32096
23163,33884
6926,36051
23531,31713
3779,28080
12104,33063
9051,29471
5448,32654
23304,35040
6733,30139
3606,37714
21994,28961
9014,35522
14488,33228
8064,32810
20207,29999
19485,29816
11671,37215
16599,30741
20876,31382
25798,37171
3356,30220
4572,39888
8956,35604
12993,36852
21121,33742
10110,38604
15087,33271
7978,32804
25334,35152
9385,31351
11000,36368
10911,33502
27429,37208
252,29945
20523,33720
7514,32786
3754,34750
9725,38289
15069,33265
12830,36425
15773,35838
3375,31305
12590,31739
27613,37926
3205,29676
10654,28707
3525,38685
19512,33656
15587,30028
23507,38502
17469,35732
23904,33949
2637,35215
7909,39252
14497,28373
682,31034
7101,28705
9268,39092
56,29798
999,32052
22059,37633
169,37707
18825,37293
286,35607
24759,33995
5472,28670
175,31194
21408,34362
13904,31405
22530,31142
18264,28330
11563,36825
17117,38675
13504,33136
4456,32565
14942,30052
20437,38470
13464,37516
4911,37309
1480,32360
21600,28538
940,28241
18254,35600
1734,27694
8959,30722
13424,35597
20951,33849
21356,33758
19396,33650
24987,34811
12102,33062
9547,36295
6582,32719
6265,31352
21315,37916
15979,33316
17811,31635
27127,39487
3736,32381
13936,37538
22251,38603
24330,35476
13431,36944
6612,35211
12241,42329
6455,34450
166,37708
12055,32016
17184,31022
21490,36077
572,32302
13718,38859
3379,31304
10812,28481
1022,30395
1142,32336
17696,31173
15667,34786
14766,30097
13624,35848
10131,33546
2019,27930
6580,32720
7983,34195
6033,34919
3666,30803
11040,34320
22532,31148
10857,31773
20577,39944
1910,32399
15580,39333
23709,38517
19978,39877
6579,32719
25327,34971
21027,29964
12571,39167
8285,39200
6272,37418
4558,30047
9479,37894
6874,30591
26922,34105
11664,36312
2442,32443
7029,36083
10810,37095
2843,32755
25465,36611
17329,37036
14975,36999
11570,33030
2442,32443
10210,35030
12672,34543
24371,37804
26498,34086
10152,38793
18975,31579
13436,37792
17124,40035
10682,32974
19484,29819
15422,41825
3257,37587
22365,39985
17162,42291
16307,36636
16754,28709
4739,30313
5947,35463
17127,33420
8515,37096
4315,38954
19595,36740
17563,33486
2270,39578
2163,32418
27472,34168
24786,39765
7250,35419
4268,35341
12741,37726
22350,33818
22422,30327
10072,37085
1485,37911
21156,35136
11707,36151
923,34894
9307,37748
7238,32769
13456,36404
18787,33587
10332,35545
21989,30185
8174,32816
10488,37264
8050,36559
18343,33562
9265,32891
27501,30693
25634,39628
27618,34175
13519,33138
4347,30775
27543,34174
21086,39507
14634,38717
14395,39604
22501,33827
9537,38285
24759,33995
27296,30842
7867,37404
20908,33728
5945,35460
9755,28840
11632,37524
19787,28057
16755,33385
4067,39680
4679,34774
20878,31382
5198,36493
2695,38007
17034,36569
23531,31713
17,27647
19135,29033
27098,37890
12539,28437
15404,30330
6632,41796
2209,35685
17242,31675
2538,32453
6497,31547
16418,38542
8148,32814
2362,32440
693,30749
6767,32739
24998,34376
20629,38273
11987,35101
16069,31377
20538,39271
17655,41881
3321,36310
21259,33745
6074,27755
9855,31661
20708,39160
5166,29775
21196,36105
26364,34079
10113,30824
5260,37434
34,37915
2632,34490
27117,40040
3912,34280
12450,38892
14269,33213
21478,28725
15202,33274
20690,34202
21228,34337
17033,36570
3160,34812
12930,35915
19379,38763
7280,35310
13754,30145
9256,30759
6041,32692
25019,35323
15225,32108
990,38088
10300,35550
3998,27679
9835,38514
12677,34208
6732,30141
20875,30214
1306,36836
1885,32397
24224,38680
13524,37653
7672,36146
16684,28037
18279,29719
5853,38035
24813,37590
3840,30885
7786,32792
11680,39615
21671,31242
14066,29614
17070,29940
8219,37508
27009,34115
23579,33921
20207,29999
25117,34698
11571,37022
14398,39689
11317,36004
7469,34776
11553,27717
5043,32613
18287,38442
1945,35257
17237,34667
25474,36024
2479,30353
12083,39258
3051,38081
2042,32412
5716,32674
2838,39593
6916,35888
4867,37415
17130,28156
18682,33574
18364,28213
20413,37642
21409,35619
1918,34900
8069,30777
14682,38631
14066,33194
12334,40401
13064,36181
12749,39513
18340,33560
23794,30509
24707,37180
14685,38633
13702,28056
6348,32715
12773,30934
8063,32808
21275,29142
4389,37947
17269,37487
13237,36465
23047,39447
5845,30240
22777,37765
16894,39916
27542,30033
14895,35551
14699,33313
13376,35982
3276,32486
21193,36802
6810,38748
25209,36723
1808,30202
6278,32711
6230,39873
11738,36337
26430,29925
25078,38105
1228,29168
9417,27655
15935,33302
12771,38943
23979,37888
7067,35833
9714,40327
18239,38988
21354,33759
3809,32521
13116,35119
6895,37059
1467,41002
6613,35212
17470,35733
1836,39855
1805,28322
6497,32718
23502,38659
15686,37526
25296,36261
702,30790
21144,34619
15338,33283
18361,38782
14070,38790
7285,32313
16834,29317
12946,36216
3543,38223
19898,35800
22248,38600
10940,29325
4139,32545
278,30398
27247,34143
15030,39713
371,30232
1734,32388
25925,38537
12967,34760
20998,33735
12220,28433
6205,36962
6262,31352
16519,33365
23823,41284
18755,38877
11843,34601
16460,33354
10507,39561
14669,33240
17066,34942
1826,38149
27446,29158
3035,32467
9979,39120
26996,34349
13020,35532
2561,36843
4758,35149
5668,32670
16434,39552
11415,34573
1703,28143
17022,38554
3494,34593
15585,33297
15285,33281
25242,36921
27212,30042
9443,28004
13695,39515
20430,37591
20144,35424
16390,36428
15721,38033
18682,33575
5983,31902
5897,37664
8264,38698
26149,39466
13001,36868
1478,32357
10335,35971
987,32323
12647,36111
18704,28893
23477,38798
11155,34920
10886,33004
1102,38609
263,31593
8432,31421
27187,34130
19043,33609
18486,36180
21937,36339
24515,33983
13904,31405
19602,34730
16862,33398
10376,36130
5285,28390
7891,35871
11096,35082
16681,39470
8116,35899
18353,31421
21748,37063
18002,36555
278,32283
25962,29433
17110,33418
1451,39195
8708,31877
21217,36856
11014,34506
18822,37292
7674,36148
24539,33989
4691,36536
9863,29544
22254,40049
13838,33152
3936,34466
8361,35555
8175,31550
12999,34438
6529,33615
6612,35212
496,28175
21725,29877
23786,35313
23801,33933
15502,35132
25962,29436
3520,32494
20950,32327
16484,34839
27248,34143
25908,39526
19958,41141
19320,38356
11919,30243
11497,34913
3283,28449
1847,32396
14271,28546
11028,35145
10635,32967
13384,35465
14003,32923
7961,35865
9977,39117
8589,37693
23393,41127
1651,39202
4347,32562
4753,32584
375,32285
23346,38079
24675,39398
16600,30740
18279,29720
23085,35714
14324,33218
26247,37319
5957,37929
237,27733
19295,36688
27495,30994
11550,33029
11573,37025
11177,35611
14929,33127
9785,30781
22134,38712
4953,37698
24391,33976
17267,37486
23475,38795
27444,29158
10776,32237
15071,30860
16592,38093
20516,37987
5062,35979
7835,31460
21941,36332
3062,37374
27316,37160
4252,28788
9447,34515
3109,37608
2068,32417
27127,39491
3941,35816
24646,33992
24512,33981
15828,35292
11413,34571
8255,30262
9247,39026
6739,32736
16504,29865
1887,28767
7463,30090
24292,35475
8879,31275
15523,33287
27068,30039
3346,39401
366,32179
8713,28543
7913,35953
4622,35932
224,30608
15304,38925
22458,36414
14007,33179
9554,37423
24781,33997
12989,36128
12053,33054
8017,35755
17918,33529
19227,36097
6074,32699
9172,36430
20584,33723
8003,36348
26547,31119
16366,35389
19455,29227
14924,39884
1913,27969
8893,32854
25295,36260
1897,36737
6273,37417
20232,38608
5837,32705
10025,30931
22245,33816
25185,36352
23143,35410
17099,29291
15105,37834
5602,35703
7023,34525
19518,33658
21782,39660
2779,38269
13392,33126
23808,33937
1737,27767
11680,39619
27181,39048
26977,29002
6046,34474
14485,38246
19575,33666
24576,37183
2576,35232
9546,36294
26092,28375
13158,33118
14362,37645
7895,35631
17354,28589
20011,33690
25863,28273
7190,32765
9637,32917
3262,28387
22939,33859
5680,42287
20339,29960
23410,33910
5102,29869
14544,33238
10131,30265
10637,30828
6875,32744
3786,38387
16061,31021
17188,33433
10508,39509
27022,29663
16338,33341
1918,34901
17811,33510
9455,37045
26675,32103
14819,38125
7386,32772
6000,38866
6603,31243
3702,39828
18148,34943
10858,38949
20293,38916
12711,33104
17107,33415
16071,31378
3200,35350
20171,30142
6144,37723
22801,30009
22386,39255
3897,36660
5421,39924
11677,39619
12191,33075
11677,39615
5886,35832
5749,39381
9712,32922
4205,38529
5284,32637
19958,41141
20294,38922
20913,40701
1181,33925
26305,39108
14790,36599
24728,33623
12863,40077
4077,40545
12704,29867
18330,33204
9539,29540
22194,33405
7828,29038
505,30274
5903,32412
2642,37485
10187,35805
7423,34792
13185,30238
23811,36528
2184,31034
2759,32055
5849,42292
12051,29255
20261,28978
3236,38300
18491,36047
16399,39681
23618,35083
17400,41160
8819,32178
23642,33039
14882,34443
23781,42339
7180,35864
7018,32202
22669,32334
4539,41130
5051,38680
14637,40311
11091,32589
10139,38684
11734,35428
10377,34627
9789,35808
26895,32159
4588,27932
14832,31920
7648,31181
12085,33402
1005,39122
3827,38494
420,36026
26728,39070
4749,37837
5877,34874
10465,31254
8632,30101
18712,34861
7450,40649
9945,30729
9613,32018
9820,28316
471,27975
1666,30024
14670,40632
6343,39006
3143,29304
10225,28352
437,31025
13961,35509
20472,36174
504,40831
24748,32214
9626,31459
13598,39403
24324,36303
14702,35897
12150,41945
13118,35268
13822,37657
5160,30363
19550,35549
14700,39964
27550,39386
819,38890
2682,38515
17459,36262
12424,36894
11246,35849
5375,39622
19086,32551
25930,39699
22635,37178
376,35859
23642,33412
4720,33368
4873,38427
27343,34389
23118,28600
25670,39997
7374,30657
23863,41343
18389,35841
12264,33141
27507,27745
24359,29103
24390,30213
15906,39881
14105,34937
20931,42283
9896,40769
13213,36342
7588,35553
14884,28528
11531,40663
22150,41838
25406,29000
24952,33815
1592,28336
3833,29865
21401,30068
4103,36817
9320,28826
20681,35884
18565,37142
23777,37695
139,28454
15480,37607
11512,41820
18200,40444
9953,41611
24265,34620
11659,41586
13796,28399
7355,40577
19904,35254
24095,31961
23796,31814
25954,29291
17241,39746
20870,29380
22083,30059
5760,39622
18824,29907
6492,38697
14230,38553
17376,28585
24699,32186
11392,30187
7122,41338
4581,42158
5552,40104
27031,39221
20227,29505
19145,29275
13809,32853
1432,34866
15123,35850
13133,35086
20848,34986
4168,39434
8157,38957
6093,40241
14977,39400
18839,37908
6044,41936
11340,36114
17812,32492
7673,36907
17066,31199
1309,37703
26412,40573
20345,37774
6357,28392
20050,32811
9510,32937
21517,37301
23092,36727
18704,29618
6616,30867
20756,28233
17719,30157
3211,29438
12251,29652
5829,41264
15632,41819
12817,29435
6523,36507
843,39821
25918,29097
20430,36541
15762,37212
9996,37849
9126,31883
20640,38487
8146,41261
977,41961
22618,38259
3192,36198
25431,35864
23827,30108
10867,36121
20220,36520
9519,32474
11666,40139
12672,37481
17393,39563
21441,36032
19929,37683
23411,30685
11435,31295
12948,37988
22859,38718
12204,33514
9608,29866
20606,29299
682,42146
9846,30707
20410,39808
10245,36562
17731,35037
18311,27809
8348,37439
8147,30359
14481,37167
3986,34782
3671,28909
2464,39904
8108,40633
15144,30441
19868,29344
11203,34885
18330,39095
4233,30060
544,33638
7344,28189
1250,28922
5833,30131
15466,41751
19399,27748
11813,37585
7264,41759
16274,34919
6211,42283
3940,35303
24014,32594
4604,33730
6698,40868
24473,37221
19205,38437
27561,37209
2574,31128
14153,31577
5291,40398
19140,38801
3113,35395
3986,33846
16125,28520
24012,38136
23494,27844
23860,33504
27353,41304
8813,28577
2306,42019
14812,30216
19315,40037
19598,31727
21526,37086
6907,36630
18118,40891
15944,35148
6170,40342
17814,40255
15588,31889
17946,34620
2548,30594
22991,30441
1249,35349
10453,32170
24443,36557
5763,42231
9688,36188
15400,32764
27245,36052
4196,33261
14150,34408
20866,32764
9567,38659
98,29747
13575,34956
24228,41375
17106,28021
16024,35418
8355,28534
16677,41300
9630,30683
8852,29886
9445,30909
12075,41002
26166,28734
1969,28179
2121,33981
9115,35638
22167,40930
644,27808
9257,27705
25969,36967
20273,41046
4895,30005
12214,30544
4449,40873
22412,30979
24573,34075
13825,41942
10805,32415
22649,29423
22979,32601
12978,30572
16972,37923
26733,39826
12457,28913
17679,32476
2679,39928
1735,37648
25921,30454
1457,39650
4555,36978
25428,34975
25567,42250
19403,30307
14620,27791
12869,33095
1106,33960
24946,30759
4665,41197
26287,38555
25344,39419
12842,32603
13580,32917
10939,35706
10074,34158
26089,29656
10050,41960
13124,28663
18542,32464
11763,32406
17548,39783
24432,29245
4298,37728
9858,29641
17094,37777
18664,29123
24629,41301
18159,32922
3254,38744
6945,39829
18628,37708
14989,35389
12630,40997
26334,28025
4619,41407
12927,38120
25395,34845
25377,32469
7931,36535
19800,42389
3865,37007
9773,27788
11468,41429
905,28522
11324,42007
11100,35597
23442,36145
20882,38061
26977,34047
18824,29030
22384,36191
18532,37275
19019,34002
21815,41334
24118,33845
23530,36070
13684,40666
24974,31096
13129,30257
21307,29275
4623,36105
18416,28511
21077,37953
210,38717
9990,33980
7167,31590
25235,34287
6523,30203
18760,33381
5652,38067
6077,29864
9678,38930
9926,29927
3732,36371
6978,33202
1343,39091
8722,42304
1426,33688
7691,29010
25875,30366
14279,34754
13114,29789
24099,31817
23214,32264
4192,41742
10510,28101
1532,29079
8075,37802
3296,31002
11626,35342
21916,29829
25544,38673
26002,32939
14499,29936
14787,33159
11172,34456
4983,36821
11752,33123
500,33450
23849,28713
24266,28197
3951,35586
19950,34690
18073,41828
19907,33699
5579,36634
18523,41024
6750,29098
3474,38694
17353,39549
8493,37973
9367,37612
19017,40611
11527,36089
16817,41767
13322,32890
22339,36110
15276,38435
7298,39735
12657,34242
17156,32626
4708,34650
24545,34513
4418,29373
18023,41982
9536,37999
72,33522
2531,33072
14373,32208
2696,28938
25006,31037
1946,38345
26955,35944
10298,39749
12626,41361
12672,35365
2912,35471
8528,42344
6816,27653
17145,30400
22504,40776
5634,34415
21534,36766
12052,32761
26293,33169
11502,32760
25973,35476
3820,39219
25672,28371
22381,31109
3144,27883
21612,39822
2410,30972
7464,40631
21869,39073
10425,35705
3913,35454
12183,36852
7752,33330
8721,41919
603,33007
3651,35874
25607,41406
11967,36415
12581,40355
9551,28194
14158,36608
14480,32516
11490,36054
3723,34059
18027,34487
5658,38826
5574,30579
14488,34324
14697,28286
23471,34233
5733,30549
5059,30766
10513,42117
6566,31995
11902,39812
18482,29529
24695,28279
11389,32921
5485,41430
16750,36582
4631,42163
3382,27836
2961,40554
9424,40179
14019,37660
16063,36614
2810,31622
74,40309
24355,29788
9883,28258
14180,33799
26346,42129
16511,35523
9018,39829
21797,40351
951,39815
20913,34243
7305,35094
11565,29691
7033,28143
7287,33975
19697,32143
20600,35241
19744,34409
26103,36771
10964,33680
6250,38906
25616,31451
25098,40696
14761,38180
15467,32350
18341,36340
3007,30572
23947,32892
17661,29689
2034,27944
25908,41936
13086,40566
21100,40698
7960,37999
27358,40694
10747,41295
15448,30682
18233,37991
11010,37276
25992,37390
22660,31180
3498,30989
11542,40448
10445,30018
6254,40675
18233,30222
6868,35732
17794,39557
18195,31681
4482,37503
572,39563
5440,33223
23650,31438
20715,30388
24791,34910
16226,36605
2873,38165
8281,40391
13663,33676
18770,28626
9099,35860
22937,28425
17433,32313
24955,33964
13522,37916
9787,38700
20018,38409
24058,32770
5118,29499
26034,33158
23707,30473
13964,28751
21741,40524
25613,41598
11731,38031
18404,32086
21272,40471
14959,36466
10442,32477
22493,41583
2893,28512
2553,29877
14510,32444
614,29817
5715,41310
15911,40791
21180,37860
16409,30642
7912,30032
21951,33203
15482,40904
22982,36780
11579,33585
11183,36902
12834,33653
21181,32593
3647,36125
7991,32650
16775,34704
6619,36373
15445,37228
26238,35024
15054,34703
7951,36200
3286,41700
16598,38510
13235,33721
13310,28444
21377,34156
14715,33339
20300,31510
24834,33899
2933,30132
7544,36404
26919,34339
19003,28713
23353,36155
16237,40388
25502,38546
15103,37778
787,28247
10954,30026
235,35528
20104,38801
13139,35208
16242,28611
1444,30983
23917,28785
6506,40117
13657,29878
1863,34817
23792,35040
24550,32792
4892,33325
13103,29738
22962,30265
8470,33153
15057,39179
2734,29300
18162,39619
279,39383
10636,36855
1800,36416
22872,38623
17490,28352
14351,32098
8431,33858
20704,31963
22028,34176
14097,37232
18042,38585
15198,34505
1037,40590
18253,34533
15995,35300
22393,31709
13052,40213
8377,42391
10618,30649
24993,38731
21982,36295
23250,35399
6423,32567
21340,38463
23735,34888
13135,36039
6838,29189
25254,36195
25079,40297
10584,30222
2789,38572
24336,30639
19238,37285
22481,41241
10972,34454
4875,35219
10627,28585
24167,38973
15621,32858
15633,29425
19009,38279
18860,34270
7426,30412
10686,32133
15716,40516
20789,34590
5615,28862
10116,38473
3293,38406
23995,38373
22993,33425
6878,33539
11920,30689
20306,31726
9144,39847
17750,31088
10180,42028
26670,27795
5420,36598
4963,30174
11270,27859
11460,38398
10596,35913
20861,40582
535,35218
16324,35383
4418,30888
7540,30076
18889,32987
1380,42346
20492,27703
2794,28583
10990,29870
19794,42409
18476,30678
13854,30062
13834,38393
19236,30240
10390,29776
14004,36078
20816,42390
13149,32109
14340,35153
5566,35472
26892,38830
14058,29564
7280,40211
12911,37394
19206,37991
5197,40154
19042,40359
6436,30444
6382,37446
7567,29980
20732,38141
8055,38413
3067,36545
17761,41979
14433,35402
18967,39863
113,32548
19427,42300
15772,41666
8351,39274
11668,31225
319,37076
18771,35506
7350,37220
11475,37554
9359,29407
3223,39007
3070,34020
23423,30864
14395,40265
608,37144
19319,40115
10313,41730
26857,40276
2572,39519
1756,38152
19337,42078
20324,28933
9797,37484
9619,35262
8888,31575
19845,28018
20681,30713
25130,38494
8036,41446
26313,37767
1987,30446
16042,40418
8103,31270
21212,29064
9410,38359
24272,38187
24352,29916
11541,28034
11214,31817
328,39054
4191,38458
14503,38678
10732,28084
23566,36520
23070,33701
7886,40904
12001,38426
3832,38346
6517,34907
19474,39229
25104,41100
27474,32688
2022,40590
21577,42245
21067,32829
17505,30777
2016,34547
1192,37764
2178,40526
23737,41841
13857,36228
17029,34252
8755,33575
18872,34411
13877,38937
16334,28194
19142,27651
23531,31879
18623,28132
4444,34947
5901,41468
15145,30356
5102,39293
19633,38529
22987,38351
26710,38448
21396,36593
2278,39065
9703,33822
4779,40055
21167,28275
25801,40346
2650,34169
3013,35497
4557,38577
6526,28744
14302,30421
10378,28998
7467,41111
2893,39790
20792,41817
1238,29479
26559,40358
2509,30004
24462,33616
23108,35571
11313,42155
16647,38344
15446,29008
3492,28281
3102,36090
6161,38596
12773,38973
18744,38948
20395,41722
281,38010
27461,36857
22316,35381
20248,39886
7160,27819
21295,37816
21920,27854
6934,41440
18923,40174
13363,33139
14490,28374
27236,33114
10203,37584
14763,34953
463,39640
14411,35375
16078,38176
12318,42228
8596,38474
18034,40248
12178,35754
15,31905
12420,38641
12697,28502
14053,29822
204,28448
27007,32898
13898,32037
10277,42265
27325,41282
17805,32636
3994,41869
20970,36083
15019,30804
17702,32151
23793,38670
7594,37280
18692,38862
13641,37067
6145,39650
18717,34076
22572,32057
8479,32530
6108,29277
16698,38305
21610,37968
13784,29089
14380,34523
22132,33154
17484,36587
10152,38182
8680,38832
8246,35293
18799,36311
13344,38149
4058,40935
3068,38710
1427,28482
12524,37718
15963,40131
15882,37456
17387,38941
22353,34344
17486,30150
7640,38581
27109,28519
27317,38778
616,38917
20449,36175
4115,34760
3827,35862
13137,37060
25422,35799
4406,29954
24357,39982
17383,31542
19957,30882
14259,31517
15528,38090
8298,38784
616,37903
25696,31451
20016,33468
12902,28773
25905,31055
835,32561
24443,36122
25108,27886
21825,41747
26236,41926
10944,42198
1097,28282
26941,38021
462,31387
24172,41831
22844,33976
1983,34629
11680,37272
25802,34164
10439,34383
16289,41543
4334,36980
16988,42039
25858,39357
1101,31415
2307,29368
16394,39261
15274,39836
14194,40067
21860,37265
7655,39320
25301,35666
3633,40664
19970,30991
2265,36729
22420,31913
20311,38200
410,40331
652,33221
7550,39935
12657,38615
15559,30422
21467,29983
7507,41317
8184,29655
24879,33833
26912,31572
8372,34504
17397,38260
5536,30890
12611,30418
11442,34272
581,40802
9882,39586
19928,35262
7780,28343
1398,39822
10660,39189
13791,41408
21803,37297
24925,30930
25689,32401
8375,35791
21558,32503
7100,32293
1760,32341
3466,32199
5963,39170
14894,34289
4499,40342
9569,33382
3578,35828
8031,38047
13055,32950
6103,36875
2023,32322
20008,34683
1152,38829
7275,39691
14657,38452
25735,30448
14496,29844
1603,41720
24755,37500
11832,40714
27413,32020
2021,40717
12716,40722
24926,29723
26296,35947
27152,33427
4005,28120
3830,31319
1080,28297
22831,36069
19172,36077
4239,34939
17894,30402
8420,30693
19270,36898
21793,30918
12577,35552
441,31474
18493,33845
7162,28581
15174,40413
19029,38144
25530,38648
6043,40877
7428,29757
10434,36948
9542,41608
21211,30695
3733,41861
9763,41563
2242,38025
25168,41957
5369,36820
7326,30706
14101,37607
17634,36589
27001,40727
12310,31527
5679,36916
1713,39730
10002,37820
9025,30930
23482,34271
27299,27656
1637,31498
3133,36892
4767,35349
14653,29683
3465,38514
13491,40593
5012,28078
26467,40976
9555,41590
20187,28104
9417,31047
9288,33042
25060,41736
9849,41251
22662,34784
58,33450
23277,41455
17615,27715
11023,39048
27096,36714
25911,34984
4973,32516
21692,34199
3616,32830
12584,39188
19796,31465
19458,29654
24567,28419
8684,31421
17991,31275
27373,41001
17875,30203
5520,31163
26510,39287
8495,40948
9940,37803
23486,33542
4451,32647
6553,40885
20690,37901
6648,40664
6874,37671
10928,30603
25324,36712
19666,34187
1779,29043
18807,35468
27089,39832
16096,39398
13988,39504
10177,37197
27592,38015
26422,36126
19816,38253
10490,39039
2759,28395
6712,33455
20807,36220
3428,36701
5955,37818
27371,34486
10466,37080
1575,34080
3462,34129
9818,37095
8773,37433
14145,40019
11219,37581
14942,31968
129,34834
11614,40429
1028,32684
11071,37027
6636,38013
5122,28983
6099,32341
27161,29308
27186,34379
1028,35628
5367,37604
17226,42041
8912,33968
24954,36293
5897,39307
21122,38351
20493,41826
15971,38484
6196,36921
11973,34391
7951,37375
18022,27692
1130,30835
6410,35488
14057,34200
14996,34469
21486,32986
27181,32398
12455,40779
27014,37887
548,31372
10923,27823
4782,28326
9424,31502
24512,40457
19120,32548
2990,30273
6300,42161
5553,32273
23476,32991
7897,39742
970,34921
24254,28974
12888,41163
6160,27965
9377,35307
10565,31111
11306,31709
24149,30800
15732,31150
22196,42258
10402,36535
24696,41924
4437,27985
24739,28279
20156,39401
20745,39407
9525,37767
17548,37012
27399,29161
9037,35070
23416,30310
3830,37854
16230,41109
1417,37041
2624,32314
10895,41934
1733,30807
12614,27991
9225,37467
10558,29392
10918,34239
22103,33570
12008,37118
18454,31985
1447,30696
24953,34228
22797,29680
25501,39722
5079,37721
17514,40173
4374,37467
10878,37313
15146,30973
8982,38188
24653,30684
10034,37225
14505,39232
17549,41180
9211,32624
23751,42362
18263,39357
12494,35978
18493,32516
5764,37527
24658,36699
2651,37175
6547,36542
9281,40147
22937,34556
761,28229
26223,30124
19197,36566
17171,34048
22365,32407
4440,42382
27107,34855
9727,40331
9496,40244
3969,33190
4868,28134
16756,30286
4735,31349
10664,32299
25241,30344
14634,29461
12023,39036
17917,32761
17294,32625
13335,28236
10213,36241
19132,34120
8634,40116
26383,38584
13177,33299
16080,38381
9383,39598
24353,33997
23859,41680
27356,41375
20874,36329
19191,32940
17065,41490
11376,30989
22402,40684
12923,34208
7167,39901
22453,37088
3726,39105
23290,32254
18567,32887
20038,29209
20432,34791
8993,35509
18974,41010
16280,36651
239,35419
12507,39807
3739,40356
24522,32833
23329,39825
18728,28409
12480,39148
22378,38911
4553,30448
2816,34011
26521,39077
3898,33263
14576,28115
15814,29382
15618,27996
964,34608
27461,29699
330,32150
9821,36817
2823,35825
14701,30757
13168,32514
26590,36497
6782,39163
10075,32262
2424,42401
27370,39404
22992,32282
24879,34291
3809,30111
20127,30282
20951,40665
21498,40216
19380,37790
18325,37765
25320,41335
17750,36679
6311,31752
3632,40445
8709,33271
10088,41251
6952,28217
13498,41500
13657,41444
6831,38409
8283,38081
12402,37302
23319,39818
6110,28329
21666,36210
17118,36817
16110,40752
1370,33066
23204,40134
17682,39972
23256,33401
4453,39379
9523,34188
23610,39310
10594,41111
4437,30035
23625,33925
14700,28194
24290,40240
22148,27880
15844,35295
23154,30413
18732,36042
16147,30859
23907,39832
18923,32789
15340,30087
2531,28811
991,33114
22968,30669
19933,34626
17224,36785
9097,31800
7483,30465
20294,33618
2438,37259
22681,31716
3743,37305
25874,31376
7899,29104
25342,33209
15027,29974
11721,30748
25994,38701
752,28026
4892,32902
5028,29451
16179,38789
22298,37367
15733,38264
5212,33800
24681,41085
5434,39676
17785,42161
7252,38882
26986,32180
21883,34854
174,39062
302,33340
23683,30924
15914,32814
26749,34464
15229,32357
10706,36881
16765,42275
24866,28977
8160,30900
9811,38077
16008,29644
25720,39572
252,27855
14946,33706
12700,29534
5023,32225
12924,33116
6221,39764
3780,34047
6581,33279
20565,38195
23913,40907
1062,37626
11706,31813
19831,42252
16471,33837
20361,32857
14322,35233
22546,40806
20366,32835
9153,30617
3229,36524
19300,32658
4995,37533
16715,37861
23468,32634
16638,37766
12155,28482
5931,33156
21124,30426
22010,30073
1333,33052
15767,33781
7799,37807
15886,37791
4876,34631
19273,35165
3653,37382
8957,30718
19027,31092
26527,38997
725,35500
16239,27989
6438,30291
25252,32805
26879,31712
17270,40582
18620,32742
12195,29361
12262,39973
24036,30277
3927,38335
13994,34641
20905,39357
23278,39215
3133,35427
11496,27721
23641,40552
19182,30560
8523,33957
20642,40054
18824,31076
4520,27862
25383,32424
11351,38724
16897,34717
5562,33700
9871,27756
18438,30217
9222,38779
23706,31754
16885,31322
14252,31748
17349,31700
3850,40541
27502,30495
22102,33583
3848,35848
4581,31475
8090,34460
7626,32782
26253,38909
19803,40679
3133,31474
4406,41595
6921,34003
25529,30109
14005,40597
19828,31310
6096,33917
18969,31011
674,28210
25123,29980
15867,30161
20414,31952
26086,28745
18569,41119
9695,37312
22933,34037
20178,36225
2568,28827
27563,34449
20410,40387
10787,34020
15764,31602
27439,36373
20678,39026
22063,31368
10514,37113
22060,41523
22421,36958
6637,34775
8652,37663
6323,37046
23746,28549
22388,29458
7440,36492
1239,38968
17370,39538
4714,35141
14501,28262
5649,39239
27486,42058
7179,29493
18259,35550
26858,40529
4436,40693
23966,41079
23808,36429
4698,33746
3235,38411
25867,29798
20256,34066
3326,32501
25293,36381
8180,29049
11237,41852
18386,31566
1793,31843
2263,30491
2344,35387
539,32334
2314,29572
24814,41518
11435,32056
1321,40295
18615,40932
26672,36583
13745,37052
1040,30500
13993,39944
27159,33020
16831,35815
9888,28533
11615,39069
449,34977
8880,32988
15212,29886
11518,35854
10850,32206
3466,40702
19404,39060
1035,33761
22100,28824
21115,34241
6740,40712
16468,39181
89,42118
11689,37347
4528,39631
9243,28377
24597,30949
11484,34191
1579,39596
9122,38223
7003,41701
5450,35949
17649,30188
103,32025
21922,38120
20567,39769
24579,35188
16993,28699
7041,41108
7475,38297
9603,35702
22729,41603
16136,39702
2125,36369
9876,38126
5111,34431
17887,36926
738,35410
9995,34668
11406,38258
26507,37908
6116,32760
20148,36764
23250,42228
14400,42126
19437,41630
19200,36218
21795,29012
2098,37329
2153,34332
17932,37224
8474,29381
8929,32191
6383,33953
25621,41747
9121,32493
7238,30670
26493,40590
20157,31280
5757,28503
16083,39912
26082,34592
8142,41467
25214,32239
2387,39173
613,36366
10384,41507
20493,28388
4988,35634
13524,36398
22221,31897
13293,27814
24073,31631
15707,41325
21800,34431
13951,38832
24939,29121
16940,42074
2101,32090
1787,35952
12401,42395
26634,30745
17688,29378
25182,31824
21193,38405
4254,32372
21593,29499
24846,32003
839,38090
21247,39379
10364,40127
8994,34164
11085,33330
19162,41074
16620,39242
19239,29944
2708,31648
27494,30370
5880,40187
14573,39256
18034,42100
27440,28110
22339,35113
12519,39059
4436,36515
3258,38777
15430,31018
19837,39272
19343,34959
6268,35312
5143,31148
7766,39349
22938,36059
17152,34491
7753,33062
1446,36927
14993,39871
19501,33146
19191,28899
13713,35914
5127,37381
1598,31783
3032,29268
3602,37444
12025,28417
18567,39658
10845,37140
19192,37364
6369,30978
13483,38089
5098,28164
7665,28754
1876,40246
17992,40137
23733,35368
1567,35168
3234,32214
744,28737
21576,33617
8231,38215
27290,31902
21893,42002
21749,40842
17712,37016
3605,39897
24267,33271
24426,34928
18647,31497
27501,40778
8059,35939
1215,35917
11091,27882
3564,29336
25486,36107
7175,33046
20618,29490
20920,32939
25942,28037
4801,33141
22195,41284
23113,41906
25862,35170
13482,28799
25481,32000
20251,33905
9719,28901
3188,29400
13477,35981
9399,41022
199,35114
7615,27741
11337,37438
17339,30261
14454,38971
25146,39785
11197,34321
229,32107
1527,39541
11785,41164
24627,40697
5483,39981
13525,36553
11420,32360
14277,31027
25272,40595
16331,28523
2602,28732
17426,30709
1931,30406
21595,40000
7232,41121
7969,28790
27614,30383
20085,36443
10148,37524
10986,30886
11223,28835
23395,29956
10499,31943
2093,38121
5716,41996
596,35740
9982,35038
25922,28223
24897,37938
4207,39629
3209,30148
3137,42319
21435,38075
11241,30186
8658,30861
7716,37108
16446,35401
6085,35967
20720,30572
9052,33493
6442,35628
19380,28397
11715,28794
26106,35705
23891,40498
7150,28733
14775,37880
15000,34424
664,41305
537,30115
7751,41316
7187,32347
19979,38525
9962,37569
26196,35089
21321,32671
19614,40135
11271,32177
15154,39496
11220,30555
2848,31011
12024,40646
22936,32707
24539,34003
10013,39181
17025,35880
16710,37293
3666,31827
22925,39549
9818,28480
25904,27785
1216,35124
10673,41532
7626,28537
25204,28091
14612,40663
2099,27727
4572,41603
17367,42113
10690,33317
7202,37725
16990,35146
5025,29688
4343,35620
833,32430
16370,42024
8516,31405
11824,39962
15350,34175
6731,35065
20145,41700
5739,31319
5175,39277
22713,32898
3201,40215
26865,33649
25613,31244
6879,41321
4047,37314
5034,32157
6894,33948
10480,40564
18093,41072
721,35616
7624,34038
18985,28208
25520,37433
17300,33663
26014,32235
19004,35485
15199,30052
26219,32069
15449,39434
26995,30939
12065,29040
25892,39272
6948,38606
7610,34527
17012,37353
10909,38916
12959,36746
22290,33506
24233,30970
1511,35830
13394,41710
21072,32656
23574,40735
15330,37680
14450,32094
22459,32332
26165,27763
13535,38315
16161,31193
11144,29734
18074,39791
24338,31415
602,34583
2335,41914
22755,36969
26793,36440
14404,38726
1671,41859
5330,27895
12509,39491
22902,38791
14226,37015
13317,33111
8828,31701
3229,35461
21941,28097
1632,39247
7979,40157
19939,36609
26210,37765
10040,35483
18196,31546
1643,27933
16293,38753
6983,34665
20404,40848
10175,36306
23891,35158
25699,35788
17585,42207
26516,39618
13808,40623
18514,41501
5594,39042
22090,36401
3119,41839
13361,29287
12975,37250
13567,31344
3126,39806
11234,36139
14020,41244
8950,34298
3868,29342
13048,36047
17406,36957
23871,38396
17750,32319
17024,29420
8710,40355
10655,30428
12581,31134
20915,37913
3472,36251
27423,38400
8250,30911
17612,30224
7168,34765
8181,41401
7684,36026
26324,27994
11563,40459
12149,34573
23975,32077
9593,30483
23708,38158
18733,36907
18884,33770
20746,28053
986,34422
12771,28719
10525,32722
7464,33554
4583,39571
16295,41177
25286,41263
2010,35139
24755,29215
6342,27668
8888,31576
15143,37018
24039,40137
7290,37534
19859,32324
3862,34139
23131,31798
4656,32133
423,29877
9719,41669
2061,28142
27608,32993
24252,31539
27111,27950
4494,42206
5118,35657
21520,40726
20674,37269
21259,30939
131,29725
10945,29359
4678,29141
7482,36140
24233,35607
24047,38483
26392,30679
17390,34096
7167,33369
25710,37953
21969,30663
19848,32894
7384,33761
564,36849
21022,38926
2504,33029
15255,38996
24712,28737
16559,28264
20603,30652
16740,34140
24564,33453
5062,39356
23197,28863
3974,31034
24462,32301
23163,41504
3968,41661
24982,32248
19830,31715
13998,31224
21623,28517
11085,39491
26592,37908
17030,38819
1047,33071
25951,35917
18163,33899
8098,31691
14822,27934
3116,41470
10953,40939
23647,35688
16959,35020
19898,40855
13016,29496
10947,29180
617,29280
20994,33965
22028,35046
15838,33506
21641,30471
20039,34906
26809,37383
9726,41177
206,29722
18112,31631
5793,29483
6393,28577
20150,34305
676,42165
2776,33303
5394,42093
13693,42208
10666,41401
161,34259
9575,41337
21551,35803
23194,39294
19711,31341
25157,40341
549,33893
7791,37665
7015,37979
24968,33528
22268,32155
19496,35043
22319,41366
9878,28644
9255,42201
20856,28554
27591,39394
22786,30183
6744,37570
26226,35446
18327,33630
22067,31449
12944,36376
15085,32840
1403,31673
1414,31175
24495,40691
3609,35010
3416,31567
5148,30880
24818,39413
14793,41847
13308,38047
5969,30562
25743,28407
10086,38034
27542,32229
1683,33937
5987,36851
24278,37945
24519,38339
20513,36369
3591,32696
27585,41414
17458,37038
13871,40944
19765,42147
15305,35473
26994,32376
6516,28919
10588,36710
4122,27966
3452,27939
26357,38843
22619,31054
10125,34610
27073,39609
6641,38607
27412,34175
12036,35697
18030,42066
1598,39068
27625,36938
7585,38969
25679,37615
22746,40884
9511,32900
10482,33610
19231,31101
2703,37906
24703,38091
12260,38681
24759,30035
21652,32367
5588,38246
544,37412
19399,36558
22760,38914
26343,33196
16979,40463
12999,38552
13599,31858
13231,34052
3039,29742
4078,28980
13589,32509
21843,33889
2751,29928
13196,32710
4901,35403
21456,42111
26232,37915
9884,32700
248,34835
7817,35230
15786,28571
8323,31119
4175,29441
11779,33740
5678,39686
21529,37711
5414,28980
7705,31795
2362,40861
21064,33078
17635,39811
23546,40503
5622,33504
18638,28222
12865,35238
2515,39960
27007,30551
12736,41329
7869,34859
11555,29040
22505,29615
12575,34137
15641,28421
5430,29820
15687,41203
6791,40222
12781,38833
18239,41513
25888,41430
25688,29105
13511,40697
17865,39734
25959,35816
246,27758
2591,34628
3012,39499
4540,40577
24237,31285
6646,39107
964,38957
22168,30762
20002,37280
22806,36798
5920,29012
19625,33852
15741,31625
27317,30931
2806,40428
7054,38956
25680,41863
6519,38086
11198,41150
26992,31825
3925,28433
5678,39530
10058,34797
10077,36409
16640,28594
11559,29715
9812,40451
21064,31945
18425,30348
10169,37836
10719,39243
13673,40432
15718,41347
6430,36545
19598,40851
4799,28093
1420,35613
8178,31677
8097,40357
3110,34804
6051,37871
3318,29096
777,32762
15663,34010
26732,40264
248,30478
10126,32288
23271,32215
13503,41208
18503,30708
27487,32306
14605,28757
7146,37605
7800,27927
3765,31858
8381,42058
12958,31212
16958,32650
26412,35699
11308,38581
3762,29889
13283,38750
3873,35352
14352,33931
25239,38970
3685,35871
22526,31516
15153,40256
4726,42021
16268,31407
17831,40153
5166,30717
17132,40396
15687,41238
26981,34970
3582,36100
17799,36944
24116,29966
649,41815
15231,28188
502,38771
3636,31636
15136,32083
18464,32644
4823,33577
21795,27717
25146,29299
2758,41037
22304,38777
5093,39588
14112,38827
711,36335
10742,29688
8155,32287
3625,30236
11141,42103
11826,41581
5293,41447
6758,27999
17462,28989
4668,30687
11514,33202
2271,27740
14524,37888
2101,31586
24729,34120
7001,31307
15078,37583
21441,33171
8942,40503
21525,29743
12229,37118
9973,34627
26122,37552
12329,28795
10856,33570
11531,40475
22104,36072
26457,30819
2657,33541
21029,36363
84,36261
9073,35395
3630,34048
10587,31043
25370,40513
16264,27769
6791,29000
19151,39042
5062,39656
18719,34393
21317,38047
726,29102
19153,28997
21878,28303
27288,28448
19097,42365
24117,41016
21245,37386
11064,35220
15695,29945
5503,37436
23916,30061
5957,39778
22204,27891
4789,39118
11643,36726
11376,27693
1357,35056
26638,42302
24396,36611
1427,33288
4040,32253
25522,38360
17362,30285
8820,30062
21236,36846
10057,36369
9438,32052
18240,37109
26110,35031
9815,30961
12201,39573
13890,39205
18102,40711
17078,39884
4284,40249
25652,35151
5991,29277
3246,36336
17463,40856
6165,33830
842,40278
11512,32893
10457,42151
24711,28950
25882,39612
3615,39835
2147,32388
12657,36641
11931,35611
12551,30592
22968,35276
21127,31312
376,39224
23058,41505
14698,38851
22731,31368
22432,30941
14373,27895
12817,27896
22278,37348
21644,31540
11493,31850
24654,38203
20822,31686
4718,37445
17344,37576
16173,31367
12518,31849
13758,27948
14607,36025
8172,32422
17281,32273
25213,28644
22331,39692
26716,33311
15637,32909
9386,32512
21458,34414
3066,28575
24841,40614
4952,41049
4500,27671
20507,39030
21213,36943
723,31131
14152,37186
20552,39448
8023,40546
12488,27736
4242,33489
13303,29144
25114,40256
14591,30404
4277,42367
24919,41613
1558,37133
15420,31045
22869,39812
5466,28876
4248,38258
10309,27847
15024,36035
17198,42097
20093,31570
22171,28608
5714,32566
13616,29919
11259,32702
16102,38227
27152,39852
8974,34212
12796,35603
24784,36825
20942,38757
8145,37632
15651,28193
416,32939
14663,32675
9514,31808
10534,28169
22122,38051
1973,41731
18881,39178
20028,37656
25193,37256
8302,39871
13226,31806
14497,28618
12906,39664
16333,36711
4245,38388
16093,30426
10857,29544
5236,38584
19776,29433
7723,35071
14515,37041
6883,42051
3767,40455
8097,34838
11412,30411
11331,37326
9430,27914
22662,35739
20721,35394
4895,32051
18354,38364
17174,28362
27223,38063
11889,37414
21542,36890
5830,29282
9621,31105
19615,31816
6268,34992
14331,32254
11989,32502
10144,41575
9308,35986
13011,40888
27364,32356
4866,29959
18906,35768
5195,36996
12289,31172
19573,28679
23929,30262
3122,33649
16497,41902
6634,36870
20346,32131
78,33950
5592,39104
18753,37130
11973,38079
24518,38782
15561,38206
18369,34823
11360,38741
22857,33973
9254,39150
9409,38694
24769,36021
20804,37879
4550,28827
13419,38535
15434,32419
23776,27911
10482,42190
24535,31470
12519,31047
102,40823
11913,33424
22273,37739
12578,37090
7611,29736
3147,30847
9281,39989
25768,32526
22215,28895
212,28091
4529,30945
16212,41861
16634,32292
7727,31909
27091,28681
22754,31481
4416,29860
26952,30004
17406,41000
18161,40046
3109,37943
4889,29299
