8285,39200
337,35674
11832,35130
11010,36655
6422,34661
11083,35624
11945,39711
8604,31780
6233,40007
4346,32562
16519,30006
1198,39742
5330,32644
5730,33173
11920,30248
16325,28294
21898,35024
4032,29450
17186,31022
8011,35734
5475,28318
20939,34306
19009,37477
16221,40331
18949,33597
11549,33027
2906,29185
10343,36393
3909,34449
6430,34457
25505,35198
8778,32847
3161,34700
23589,39151
2628,36392
24435,39940
22143,38096
1012,29172
16356,29149
7162,28907
13100,35224
20281,37388
1105,38610
7835,32799
17883,29748
11196,35937
6897,38111
19935,33685
3121,31045
9748,28506
20273,35196
21824,29511
17607,38066
277,32283
26069,28395
21739,27811
26986,34913
25130,34496
19862,38462
21387,34853
20273,35196
15979,28369
16343,31972
22996,36420
11379,35015
14599,39532
11159,36380
1570,30958
3332,33699
3430,36029
26200,32223
8394,33428
6162,39459
21073,37654
15288,29684
8255,30262
4720,37930
1794,38492
22533,31148
16018,31478
17212,39224
20626,38272
21986,38735
23387,38372
24801,34001
7711,36042
11146,35177
2067,32416
27597,35159
3087,32473
26731,29651
19790,28057
14604,38409
24007,35428
2037,28270
25556,34395
17259,30837
6288,39537
911,38970
3928,35700
1539,37153
5041,32614
25728,37195
25623,39977
6653,27678
16919,33402
25249,36396
6043,34128
5078,36830
14138,34790
27599,37958
594,32304
4182,28511
6758,37690
18787,33587
734,31123
237,32270
16026,31481
11372,36267
6466,39233
9746,35049
26060,37679
16380,29006
9498,35403
12567,38641
7990,38443
18037,33542
3014,37601
14908,36931
6215,39708
16899,40012
7967,35907
6348,31334
25220,34739
16061,31021
8458,31262
23319,34762
18542,33572
16728,34814
17910,32114
4939,31450
26461,34082
4670,36135
12322,30833
5577,35795
11392,35862
6701,30907
14459,38697
374,32285
27111,34124
20300,36012
18092,33549
2429,28287
3782,28076
3217,38753
13813,39261
4077,35670
15399,29804
6741,28811
3780,32169
6298,32713
83,29459
25395,36027
15404,33286
6062,27811
26347,32253
7833,36486
560,32297
23760,38155
17896,31396
4224,29143
5967,34232
11582,28605
1376,28217
16767,31578
2455,31519
26775,37127
23590,39152
3534,29488
8885,35675
93,29670
9575,39506
2723,32454
21545,34968
10682,30452
27111,30067
359,38347
17256,28044
21493,35527
2876,36299
10505,39560
6279,32712
17916,33528
24114,36307
2021,30071
11811,35521
263,32279
1374,32347
12179,33067
26982,34114
654,35453
3332,33699
17596,31163
24841,31297
20841,39727
4652,30622
10169,31536
12428,39168
16862,33398
10414,36772
19294,33638
548,31371
4624,35935
1611,29476
8534,29214
19782,39737
8018,36284
8713,28543
3572,30285
22733,29905
20720,38508
9274,38207
15749,35131
9397,32896
24991,35114
13753,30649
8150,32814
4042,32541
17599,33492
22779,37767
27497,30997
26875,37921
26220,34909
12187,33074
6841,36504
14083,28120
21726,29879
21185,36858
27498,30994
26745,34100
20955,31648
25712,38349
4798,29584
21806,36001
16462,33354
11056,36367
22828,33853
10847,38999
13389,35467
24782,33999
14009,33181
2298,32433
1487,29189
21249,33057
3721,36943
9942,38200
2922,37221
19578,38903
14102,31059
8874,28202
14428,30019
4221,29143
5248,28276
16478,33356
9770,36300
19673,37975
18908,37816
24906,28177
354,37204
27182,28747
9617,39866
8913,37731
12520,36589
6890,32748
18119,33552
12410,37117
4340,38856
3028,31089
15312,35493
17846,33521
16559,29525
1805,28322
12962,35299
3514,30701
18340,30172
13023,34732
2779,38269
9753,32930
11583,28605
24853,28679
14541,28899
8760,29106
17127,33420
11540,33025
4264,36207
25932,34061
3029,31093
1946,35259
4833,29302
8225,39936
24288,29127
23050,34554
24059,30784
13131,35923
26189,38677
21047,39571
23597,39684
5683,36211
12496,37985
20359,29047
18562,36056
1979,36242
8934,32857
10678,36445
13819,37976
2044,32412
20441,31393
19029,37843
5559,36369
6103,36323
4331,30871
27186,34129
17665,30662
3143,34898
25789,31468
14113,39858
11530,33020
5589,34978
20499,35711
17388,29645
10395,36159
16325,33340
21695,29981
14271,28546
8804,39777
5150,32623
6209,36835
15793,36710
9380,32894
5335,37425
23644,35003
22432,31055
24315,39341
22074,33790
22682,33840
23884,39326
20038,33693
22514,37790
16991,31427
7478,32782
26745,28283
23060,33871
4270,39425
13726,39484
222,32267
23489,36567
13392,33126
10858,32996
7946,36574
25815,34046
23781,36223
5422,30317
16248,37829
25497,36134
24970,35035
18975,33604
308,30574
18501,36572
22734,28805
1092,32333
1822,37619
17286,33445
18071,33548
25184,36804
12185,33073
16447,39441
26380,36911
15342,35241
5220,32631
17375,35451
8197,31847
19167,34755
21992,30866
11059,36360
15376,37991
4071,37346
7548,29738
7238,30175
26088,30698
13792,31944
21373,38506
7670,34400
22533,31138
20469,34797
20134,28698
14761,29021
7742,34511
17221,28318
26924,29553
1845,32396
23752,37955
16914,29836
23003,35648
5319,38122
23731,33928
16732,34816
2961,35566
19954,33687
11694,36761
19896,35799
558,32296
8188,32819
21293,39568
15338,33283
24214,35098
15081,35857
26703,39800
23116,31061
16347,39904
10109,30836
2024,32589
200,30229
14668,38625
17840,33519
16482,28839
10920,37720
8997,39009
17828,31810
21136,36450
10858,31773
24964,36039
17511,28085
10750,38324
26392,36472
23805,37470
19192,31920
13471,33134
19110,34424
2964,34740
25622,39975
21367,39267
23097,33879
9646,37144
1795,38493
16900,35359
6120,28794
26781,39790
26283,38732
23693,38512
25082,34022
19116,31819
22433,33826
18933,27951
401,38056
7661,35112
17917,33527
24371,37804
14106,28089
16004,30888
14805,33248
24723,39417
24520,30412
18107,30939
24646,30796
23904,33949
17204,28497
20565,34588
13034,36287
6118,34654
4102,40564
21744,37662
14107,33200
5574,35710
24817,37939
25044,27761
5906,36547
14303,37497
25527,34394
4629,32571
5717,32675
18841,29110
23049,39448
10399,36133
6145,37724
17034,36570
367,32179
5029,37383
23016,28391
6875,30591
21561,35917
19055,33616
14988,28476
17018,33413
5922,28006
10172,31543
8753,28676
17715,32502
25861,28275
26187,38676
15405,41296
12194,33076
2692,34649
308,30574
19657,33672
25609,39600
18173,39002
26148,29194
15957,33307
12656,34541
374,32285
2333,30857
3887,31296
2194,32425
5935,32688
26909,38131
14992,29955
6932,34597
26819,36503
11399,36765
24438,39300
21848,38037
1807,32206
2585,34991
19069,35415
25177,36362
10245,41453
24521,33986
2575,35232
4880,32598
16483,34838
8533,30551
1689,28762
8880,31267
19819,27940
10221,34934
8883,31269
17587,39577
21332,35399
18919,37295
27020,34118
11331,35352
16131,31554
7162,32759
10147,36619
14244,37562
147,40936
27042,35691
25139,34996
17145,33427
21246,30197
26075,42400
11580,33037
2870,38280
18604,35536
16881,39008
26497,34086
13004,36849
427,27889
14860,30848
4179,32548
23076,33875
23506,38501
8782,28596
18495,28416
11046,34742
838,38684
18710,38388
13250,41202
23647,35002
14428,33220
991,38090
272,38650
6244,37746
9256,32889
5752,32676
2721,34029
3768,32511
13933,37536
6263,32710
9421,31287
16175,37468
5160,32625
3767,28297
25929,39607
2194,28712
27364,34155
16747,39265
21155,35135
22237,33812
5221,29131
5747,30404
18785,38825
8424,39863
80,29683
21468,31531
7053,35295
23078,30214
22187,41351
22230,28955
10108,32945
14843,33251
4292,37131
289,40860
7190,32765
7731,34328
19572,33666
11761,36384
10972,28122
26269,31201
7015,34435
19371,33646
22051,27895
7360,31692
3205,32479
17580,33490
9555,37266
25396,36028
20039,33694
2840,39594
18017,33538
26413,37872
18276,29720
19118,31819
22237,33812
12000,35722
11092,34885
14974,36998
11626,33042
18257,36812
17540,33481
3958,34475
10895,29255
9475,39145
5173,38570
13302,35554
5156,35388
165,37706
18058,33545
22519,37478
13426,33129
19922,35819
9031,30915
19598,35692
13959,28566
5040,39457
1184,31506
10546,34859
11728,35202
27504,31031
222,32267
10157,38874
5907,36548
742,34913
13506,31251
18701,33581
23008,42004
1709,27941
25230,35926
21251,38901
3356,30220
17886,29894
16144,33326
18797,40041
23757,38157
21992,33784
3891,34651
27102,34122
9186,35491
17128,33420
23530,33914
19663,37567
8407,35575
9473,39144
15536,32982
25041,34016
23589,39150
7894,35632
11976,35362
20040,29794
1070,27954
24283,38380
21165,34255
7652,35148
21423,35775
2578,34583
2235,29816
17887,38854
12774,33113
21899,36739
27404,34161
4477,37298
3168,34931
9675,37275
23586,33924
1103,38613
487,37253
26611,32955
3258,39124
21866,35155
16340,31776
25298,35830
27217,41773
11551,29764
14469,29500
13313,35585
5898,37665
635,41105
19287,33636
7083,32750
2386,34845
8280,32825
2003,30329
24908,28177
6759,37691
9651,37149
3604,37715
263,32279
11796,34703
15482,40972
18206,28103
2335,30857
6874,32744
1807,30202
17462,31290
4130,39082
24570,36948
14297,36546
3040,32187
8844,39700
14802,38959
13017,35543
19067,35413
21257,31642
17081,37546
11121,34694
6494,29704
3610,39915
13959,28566
18175,39003
682,31034
21890,29060
6974,39783
23072,33875
23230,36447
7661,35113
15499,37624
19455,29226
19760,33678
26670,28936
18735,33582
3943,35817
20875,38393
8325,37271
13792,31943
5717,32675
252,32274
23421,27869
4550,28614
11772,34330
26464,34082
15969,27851
26704,39803
12528,33099
6813,34937
17956,27737
19984,38742
17116,35285
14106,28089
14679,38768
20148,36980
14820,38126
6437,35240
541,39240
26464,31588
16218,31441
27308,37682
11674,37216
18092,33549
16609,33373
8685,37229
596,32305
4539,31883
25243,36920
21140,35246
2450,32447
3816,32522
1817,36407
11923,34752
16746,39264
16516,30006
16892,29414
27498,30996
23551,33920
10463,36535
24656,33994
22353,31608
17258,28046
5105,32616
682,32312
7982,36149
10173,29591
7007,35798
9477,37893
10286,36749
11403,35803
14625,39705
25399,34461
25317,35255
16941,33409
20994,33734
8538,33233
24428,37678
2170,32423
121,35458
25024,35836
9642,39716
12650,35943
9977,39118
19272,39046
27186,34131
13998,35770
4444,29660
24267,37509
11575,33032
13357,35863
13754,30145
16479,33771
9109,32881
18456,30697
30,38196
10936,39925
12233,31212
17199,30723
1505,31584
15825,35291
45,31764
7161,28907
16577,30514
10783,28509
2275,32431
14018,33184
25723,37505
16610,28098
3114,35959
16188,33329
11271,33014
25772,39154
1029,31128
16594,38094
19052,33613
22864,39659
6319,35672
1223,32342
12052,33054
27199,34132
2541,32453
15076,33266
6348,32715
27184,34129
2622,35248
2485,32452
1008,28628
14364,37647
17794,33509
11172,34972
7766,36853
24180,31051
17131,38061
14215,32206
14492,33230
557,31805
25644,28369
571,32299
18286,38441
18231,33556
8394,30359
14121,36411
22297,33817
2984,38526
26784,39793
13734,38240
6,36540
7229,30164
9694,32029
26831,34102
14942,33258
21462,33763
8107,35955
3676,34489
17606,38064
13527,37659
14996,37602
19706,34765
4308,32558
13282,36656
4850,32592
17745,37097
20507,33716
1848,32395
17500,33473
27307,37681
18252,34878
11057,34976
21557,28391
11679,39620
22746,33847
24476,28862
2927,39661
25378,34821
27504,28270
19178,35612
8309,34577
16831,39106
18304,38596
24875,29999
12029,38860
26482,37074
56,32251
1681,35066
3733,32509
8642,37747
23272,37762
294,35054
4749,27646
19164,30735
10876,33002
23347,35397
1703,32373
25435,35883
14740,31885
17656,41429
13551,39435
15012,33260
11238,36075
2163,32419
3825,32532
1885,32397
7695,34896
1821,37618
16960,31619
21227,34339
16576,33367
6739,32736
24391,33976
8409,38931
927,36035
6814,34938
581,34404
13821,27957
15939,28868
17033,36569
16353,29987
15549,33293
26088,30699
24961,35189
23784,35312
22775,38267
7712,36208
3395,38500
17379,33462
18735,28587
12903,36154
18741,38830
26361,34079
16889,29416
19226,36095
21809,36002
16837,29318
27043,35690
2784,32457
11905,33049
15740,34675
18771,31314
16769,31572
18473,34440
11386,35542
16496,39691
13636,38996
14992,29955
24783,39759
24537,28974
12559,39164
17819,33517
24894,30593
7529,41600
26184,39335
22520,37480
6186,37060
20405,37940
17543,33481
10586,37934
7748,36047
11735,35741
485,30000
19606,35235
6203,36963
23288,29596
4926,41992
13167,31490
19936,33685
25719,37010
20918,39422
245,28411
7552,32789
7738,34713
26004,35796
17432,33463
8674,30088
19072,37623
11186,34948
1647,30813
6429,34456
9010,35552
5938,28791
16710,29881
26563,39187
20584,29546
7123,38626
20387,33710
19899,36088
2407,40646
22504,33830
23427,33913
4233,37639
16961,33412
22530,31138
5132,30747
11530,41657
8403,32768
8338,38576
22075,27865
11988,35101
9,27746
8912,37730
12522,33097
10214,34378
5627,39116
13068,36341
21169,34780
15454,31559
24517,36894
24995,35033
9109,32883
10801,39025
1228,32345
4472,38083
9090,38183
18608,35914
1914,34656
27102,28588
26285,38734
19935,33685
25281,35793
17610,38065
27247,34141
15636,41461
9359,38314
4749,32584
25047,27756
21918,35221
7928,34250
17109,29145
25268,35924
1508,31584
2968,36327
21463,33760
16658,31234
3822,29633
20295,38916
20686,29907
464,41339
21464,35842
5713,32672
5623,36399
22237,29805
7883,34715
22379,35557
22986,27709
22353,33818
20145,36979
4701,36406
6195,29667
844,32319
16507,33360
18284,38440
17898,27811
7161,32761
17737,29818
162,38846
1140,32335
17498,33472
6094,29067
2352,39062
2986,38528
7547,29734
14781,33242
5135,38343
24648,30796
21568,33768
23499,35412
15200,31511
10221,34933
15307,38589
24194,33965
11637,41085
11007,34922
15027,39330
3710,28407
970,36834
2906,29186
26608,29695
11481,38730
16640,35418
21253,33743
11308,34522
12413,37120
5126,31346
5474,32658
5497,32661
17601,27819
3572,30285
14554,31381
17259,30837
13855,33157
9270,39094
18499,32826
21253,31299
2787,32457
13593,35197
18870,27875
9,27746
23254,33897
23719,33925
1472,39685
21286,39313
22067,36954
13094,34299
26019,34065
16866,33398
11501,36778
2572,35629
19799,31918
9996,29077
26746,39641
13932,37535
17186,33433
24613,39193
23652,36528
11100,36798
19855,38024
26682,34092
4739,32580
681,32312
25965,29433
4140,28878
11359,35085
13397,38073
24288,33966
1723,27685
21747,37061
20948,37355
8282,31491
18360,38783
25519,35812
21930,35881
9660,32921
27120,36971
987,30198
16605,32387
12819,41011
14073,38791
2124,38555
23168,39533
20663,37579
14808,29672
5738,39018
17855,33522
3997,37717
8971,29349
24148,36289
6265,32709
5484,42171
1146,38727
17487,34914
21715,31830
2299,30048
5140,32622
3092,32476
15079,33266
10173,32951
21260,31642
20387,33710
2044,31434
19311,30587
2757,29372
10635,30828
8534,29214
5816,39296
2098,38770
8005,36350
21897,35023
24414,39565
22829,30825
1917,34900
16754,28707
13993,36036
8169,29285
24280,34653
21468,31531
24307,30336
7556,32202
23327,29784
22090,34319
20427,37982
21690,37967
12348,32226
16760,30409
7680,35021
15201,33276
24906,30401
20409,33712
24801,34002
13892,31087
20523,31645
922,34893
9777,39076
23254,33897
13748,33145
26967,28573
10391,36131
34,37915
16599,30741
8151,30971
18119,33551
23871,38722
3788,32517
17292,27866
2637,35216
18933,32467
16355,28648
582,37260
26712,38513
14084,41319
4325,37454
16177,29576
10375,35331
5102,32615
24179,31048
23570,29715
19707,34765
20092,32140
27321,35494
17742,37257
11777,35940
20582,39226
7228,30164
18394,38424
17543,31372
9020,34634
8925,35573
17276,33443
14396,39605
24225,36276
21861,33783
25962,29433
2887,32459
22732,29903
16936,33405
1549,39188
22170,37797
594,32304
21682,35281
4095,31237
16889,29410
12216,33081
23873,38725
7788,32795
9646,37147
12243,33085
21288,39314
24593,35639
23429,30447
3016,31227
26924,29553
12955,31724
271,37244
22918,31041
22944,29550
22863,31790
25030,34010
8604,32839
25729,37196
15783,36727
26344,39679
18951,33597
20519,33720
22938,33858
26491,35449
18949,29124
7929,35076
4572,40806
5041,27737
11268,36997
2429,28287
15618,39182
13147,33115
15411,42270
167,28261
22674,37296
23409,31410
10864,30179
23008,42005
11936,37108
23585,33923
7984,31315
26996,34349
11523,27911
20997,33734
2161,33399
23768,35580
3049,29572
632,28717
18488,39799
11629,33042
1900,30128
16856,33397
2088,36846
17846,33521
9618,36476
24394,38745
12052,33054
3618,31759
11171,34995
19316,37559
21864,35154
13866,33159
13775,34870
6453,36153
3884,37710
1913,27969
355,37202
21721,33772
15004,35408
24950,36162
9574,39504
15966,27853
15838,36226
7381,36158
14977,37000
27212,30043
10265,38074
9710,32922
16603,30740
24997,33714
5418,39922
10886,28259
540,31727
14223,38368
12662,34705
12203,39444
2693,34650
7715,31197
15358,37426
7151,36940
21352,31685
16349,28414
4041,32541
22700,33843
12979,34961
8435,39880
23176,33887
16530,31223
22827,30825
12546,33100
6425,35568
16018,33320
1448,39196
23930,35659
15950,35663
4659,30624
3089,32473
23992,39666
22780,37766
2273,30375
10103,31321
18829,29562
25341,35794
3423,34219
13903,33166
17006,31233
9761,37233
6457,34453
8432,32827
17646,29373
17451,33469
6579,30646
7358,31691
20013,33690
11476,39452
13961,31850
24116,30769
22882,27740
10841,28435
9035,32863
13639,29063
6721,31721
6959,35912
15296,28181
7342,32161
18757,38878
9397,32896
13637,29063
23313,34448
12589,39412
7952,37909
24815,37937
14610,40027
4861,32596
6142,41151
17335,33456
24802,27810
16633,40005
11523,33017
9637,32920
8892,32852
25863,28273
8279,32824
20098,29101
5075,36829
1226,32344
19164,33625
20376,37069
3555,32497
24476,33977
5161,32625
23533,33915
27096,37889
6812,38749
17219,28321
23794,33930
407,28657
19700,27662
11625,33040
18711,39845
25576,34603
6232,37989
25285,36107
2340,30960
21000,39400
6119,28794
20098,28979
18530,37521
15933,38411
15264,33278
22093,30746
17597,31163
27022,34118
4662,30621
374,32209
15764,34374
15977,28073
11480,38728
10075,37086
148,32262
521,28995
16478,28834
18887,39990
25101,35077
8108,35266
23589,39150
13469,31052
12352,33095
27207,34136
1111,39586
5261,31191
5284,32637
23279,33902
20554,29542
17279,33444
10514,29971
18542,33572
11742,34639
25800,34043
14496,35509
27286,31230
1926,35168
9276,38209
6911,36169
3547,28984
23684,40008
10492,32955
26045,34069
18571,34724
11703,34393
5176,38575
11358,38688
23714,37395
7050,35010
22530,31148
13597,34447
15329,36263
17486,34912
22051,33786
819,38193
7823,39503
2044,31434
6772,31999
579,34403
22654,31017
27369,31858
27206,30107
1435,39839
19210,31469
10073,37089
83,32256
19103,28187
16400,39159
17704,28689
7580,39251
13621,35864
17423,36523
8734,30543
8429,31421
7739,35753
12982,35067
4720,28374
17597,33491
6613,35212
18806,36587
9657,32921
26733,34099
26740,28283
16615,33376
25349,35831
10752,38325
11629,33043
21256,33743
18146,34828
3733,32509
7101,32751
1847,41365
6091,32702
13812,28583
5625,36400
2359,32440
14186,31365
16911,29832
15442,37290
15071,30861
23163,29473
20283,30281
25213,36791
7225,38635
14595,39527
20048,37674
9439,36183
21262,38296
16837,29317
20032,39541
7899,34415
23429,30447
24788,37307
4739,32580
10268,38078
25950,34314
18119,33551
10409,36096
25477,36259
3019,37456
3603,37713
14740,31885
18519,38693
7012,35693
25638,34033
26067,28395
1939,34302
26007,35920
24894,30593
12588,39403
3924,35117
24535,28769
4793,36831
19415,37545
10911,31173
19426,38585
17999,36553
1944,36257
11523,33017
25447,28365
6751,30137
17636,38092
20748,31368
3020,37457
22940,38546
26816,36502
14018,33184
20215,41919
4950,28264
11530,41658
14970,39960
24386,33973
20038,33692
80,32254
24624,35643
17381,29884
16992,35469
14807,33250
3534,32495
13558,37079
24916,36521
25819,34046
226,28789
15873,38109
11024,36753
2450,28918
11969,33052
21154,35134
14438,37968
13685,30929
947,38330
22429,33824
6945,35721
13975,33175
1328,31265
13358,34516
3159,34812
4368,36296
19567,39246
21538,36795
12467,38299
26748,39642
4917,32604
18395,38425
20134,33696
15932,38410
27113,30067
24112,36306
24449,37168
1723,32381
9443,28004
7459,38423
11167,34998
2166,32421
23409,33909
19735,38885
10585,37933
20288,33701
7083,32750
16225,27826
26976,29002
16224,29958
8655,32061
6755,39148
9021,34635
11677,39615
3176,35970
9268,39092
26675,29269
26815,38303
3189,34495
13519,28769
844,32319
8780,29657
8254,32821
20006,35655
12483,39788
5160,32625
22257,40050
13504,31251
16350,42149
25447,28365
17916,29952
17511,33476
12971,34629
25883,38759
1894,32739
7104,32751
15702,38305
17184,33429
12164,33066
15069,30860
967,36833
26400,30838
16168,37876
18194,30091
26045,34069
17341,29887
246,32274
6969,35699
18276,29720
11225,34586
9312,35046
6570,39384
13879,32214
7935,36563
4206,38530
17926,33533
23378,37190
25216,34691
19224,38788
4906,37380
3013,31386
12252,38339
17286,33445
4861,32596
13173,33454
21274,29142
24575,37186
19264,33632
25086,39559
4466,38761
17199,33434
12957,34802
16705,33382
24590,35638
7681,35022
13491,33576
10067,27660
5223,27962
20451,34817
10174,32951
12018,30840
7514,27811
14007,27980
719,32371
23016,33868
19693,39805
23078,27958
22532,31142
5937,32690
16609,28098
7994,39602
11792,35858
20409,33712
21314,37914
14054,33193
1523,31803
2740,36355
16635,40006
26331,39461
15721,38033
25858,34052
12068,35713
26636,31120
17916,33528
19113,31726
12181,33069
22334,39209
12640,35064
16430,33350
24922,31238
12332,33092
5866,36115
14103,33198
4696,34428
12837,39997
4812,38702
5845,30240
17957,27749
25455,35239
27548,28383
22731,29903
3767,32511
2636,35215
17498,31108
12781,31374
20206,35396
17222,28055
8780,32847
2636,35216
14078,39068
26922,29553
15645,37431
19760,28623
23942,37142
17436,33464
6086,34820
3845,32538
24667,40020
6698,30726
6898,38113
11165,34465
20335,29795
199,30225
2359,28769
17047,38169
5112,29861
23209,31767
17202,33435
25079,34020
21491,35526
24876,28828
19482,29816
19695,38353
13041,34622
7238,32769
16600,30740
5834,32683
14676,38765
22985,33865
562,32298
18931,33595
25926,34059
10408,36103
5861,32686
21660,35351
22700,33844
5831,38494
6654,32096
23163,33884
6926,36051
23531,31713
3779,28080
12104,33063
9051,29471
5448,32654
23304,35040
6733,30139
3606,37714
21994,28961
9014,35522
14488,33228
8064,32810
20207,29999
19485,29816
11671,37215
16599,30741
20876,31382
25798,37171
3356,30220
4572,39888
8956,35604
12993,36852
21121,33742
10110,38604
15087,33271
7978,32804
25334,35152
9385,31351
11000,36368
10911,33502
27429,37208
252,29945
20523,33720
7514,32786
3754,34750
9725,38289
15069,33265
12830,36425
15773,35838
3375,31305
12590,31739
27613,37926
3205,29676
10654,28707
3525,38685
19512,33656
15587,30028
23507,38502
17469,35732
23904,33949
2637,35215
7909,39252
14497,28373
682,31034
7101,28705
9268,39092
56,29798
999,32052
22059,37633
169,37707
18825,37293
286,35607
24759,33995
5472,28670
175,31194
21408,34362
13904,31405
22530,31142
18264,28330
11563,36825
17117,38675
13504,33136
4456,32565
14942,30052
20437,38470
13464,37516
4911,37309
1480,32360
21600,28538
940,28241
18254,35600
1734,27694
8959,30722
13424,35597
20951,33849
21356,33758
19396,33650
24987,34811
12102,33062
9547,36295
6582,32719
6265,31352
21315,37916
15979,33316
17811,31635
27127,39487
3736,32381
13936,37538
22251,38603
24330,35476
13431,36944
6612,35211
12241,42329
6455,34450
166,37708
12055,32016
17184,31022
21490,36077
572,32302
13718,38859
3379,31304
10812,28481
1022,30395
1142,32336
17696,31173
15667,34786
14766,30097
13624,35848
10131,33546
2019,27930
6580,32720
7983,34195
6033,34919
3666,30803
11040,34320
22532,31148
10857,31773
20577,39944
1910,32399
15580,39333
23709,38517
19978,39877
6579,32719
25327,34971
21027,29964
12571,39167
8285,39200
6272,37418
4558,30047
9479,37894
6874,30591
26922,34105
11664,36312
2442,32443
7029,36083
10810,37095
2843,32755
25465,36611
17329,37036
14975,36999
11570,33030
2442,32443
10210,35030
12672,34543
24371,37804
26498,34086
10152,38793
18975,31579
13436,37792
17124,40035
10682,32974
19484,29819
15422,41825
3257,37587
22365,39985
17162,42291
16307,36636
16754,28709
4739,30313
5947,35463
17127,33420
8515,37096
4315,38954
19595,36740
17563,33486
2270,39578
2163,32418
27472,34168
24786,39765
7250,35419
4268,35341
12741,37726
22350,33818
22422,30327
10072,37085
1485,37911
21156,35136
11707,36151
923,34894
9307,37748
7238,32769
13456,36404
18787,33587
10332,35545
21989,30185
8174,32816
10488,37264
8050,36559
18343,33562
9265,32891
27501,30693
25634,39628
27618,34175
13519,33138
4347,30775
27543,34174
21086,39507
14634,38717
14395,39604
22501,33827
9537,38285
24759,33995
27296,30842
7867,37404
20908,33728
5945,35460
9755,28840
11632,37524
19787,28057
16755,33385
4067,39680
4679,34774
20878,31382
5198,36493
2695,38007
17034,36569
23531,31713
17,27647
19135,29033
27098,37890
12539,28437
15404,30330
6632,41796
2209,35685
17242,31675
2538,32453
6497,31547
16418,38542
8148,32814
2362,32440
693,30749
6767,32739
24998,34376
20629,38273
11987,35101
16069,31377
20538,39271
17655,41881
3321,36310
21259,33745
6074,27755
9855,31661
20708,39160
5166,29775
21196,36105
26364,34079
10113,30824
5260,37434
34,37915
2632,34490
27117,40040
3912,34280
12450,38892
14269,33213
21478,28725
15202,33274
20690,34202
21228,34337
17033,36570
3160,34812
12930,35915
19379,38763
7280,35310
13754,30145
9256,30759
6041,32692
25019,35323
15225,32108
990,38088
10300,35550
3998,27679
9835,38514
12677,34208
6732,30141
20875,30214
1306,36836
1885,32397
24224,38680
13524,37653
7672,36146
16684,28037
18279,29719
5853,38035
24813,37590
3840,30885
7786,32792
11680,39615
21671,31242
14066,29614
17070,29940
8219,37508
27009,34115
23579,33921
20207,29999
25117,34698
11571,37022
14398,39689
11317,36004
7469,34776
11553,27717
5043,32613
18287,38442
1945,35257
17237,34667
25474,36024
2479,30353
12083,39258
3051,38081
2042,32412
5716,32674
2838,39593
6916,35888
4867,37415
17130,28156
18682,33574
18364,28213
20413,37642
21409,35619
1918,34900
8069,30777
14682,38631
14066,33194
12334,40401
13064,36181
12749,39513
18340,33560
23794,30509
24707,37180
14685,38633
13702,28056
6348,32715
12773,30934
8063,32808
21275,29142
4389,37947
17269,37487
13237,36465
23047,39447
5845,30240
22777,37765
16894,39916
27542,30033
14895,35551
14699,33313
13376,35982
3276,32486
21193,36802
6810,38748
25209,36723
1808,30202
6278,32711
6230,39873
11738,36337
26430,29925
25078,38105
1228,29168
9417,27655
15935,33302
12771,38943
23979,37888
7067,35833
9714,40327
18239,38988
21354,33759
3809,32521
13116,35119
6895,37059
1467,41002
6613,35212
17470,35733
1836,39855
1805,28322
6497,32718
23502,38659
15686,37526
25296,36261
702,30790
21144,34619
15338,33283
18361,38782
14070,38790
7285,32313
16834,29317
12946,36216
3543,38223
19898,35800
22248,38600
10940,29325
4139,32545
278,30398
27247,34143
15030,39713
371,30232
1734,32388
25925,38537
12967,34760
20998,33735
12220,28433
6205,36962
6262,31352
16519,33365
23823,41284
18755,38877
11843,34601
16460,33354
10507,39561
14669,33240
17066,34942
1826,38149
27446,29158
3035,32467
9979,39120
26996,34349
13020,35532
2561,36843
4758,35149
5668,32670
16434,39552
11415,34573
1703,28143
17022,38554
3494,34593
15585,33297
15285,33281
25242,36921
27212,30042
9443,28004
13695,39515
20430,37591
20144,35424
16390,36428
15721,38033
18682,33575
5983,31902
5897,37664
8264,38698
26149,39466
13001,36868
1478,32357
10335,35971
987,32323
12647,36111
18704,28893
23477,38798
11155,34920
10886,33004
1102,38609
263,31593
8432,31421
27187,34130
19043,33609
18486,36180
21937,36339
24515,33983
13904,31405
19602,34730
16862,33398
10376,36130
5285,28390
7891,35871
11096,35082
16681,39470
8116,35899
18353,31421
21748,37063
18002,36555
278,32283
25962,29433
17110,33418
1451,39195
8708,31877
21217,36856
11014,34506
18822,37292
7674,36148
24539,33989
4691,36536
9863,29544
22254,40049
13838,33152
3936,34466
8361,35555
8175,31550
12999,34438
6529,33615
6612,35212
496,28175
21725,29877
23786,35313
23801,33933
15502,35132
25962,29436
3520,32494
20950,32327
16484,34839
27248,34143
25908,39526
19958,41141
19320,38356
11919,30243
11497,34913
3283,28449
1847,32396
14271,28546
11028,35145
10635,32967
13384,35465
14003,32923
7961,35865
9977,39117
8589,37693
23393,41127
1651,39202
4347,32562
4753,32584
375,32285
23346,38079
24675,39398
16600,30740
18279,29720
23085,35714
14324,33218
26247,37319
5957,37929
237,27733
19295,36688
27495,30994
11550,33029
11573,37025
11177,35611
14929,33127
9785,30781
22134,38712
4953,37698
24391,33976
17267,37486
23475,38795
27444,29158
10776,32237
15071,30860
16592,38093
20516,37987
5062,35979
7835,31460
21941,36332
3062,37374
27316,37160
4252,28788
9447,34515
3109,37608
2068,32417
27127,39491
3941,35816
24646,33992
24512,33981
15828,35292
11413,34571
8255,30262
9247,39026
6739,32736
16504,29865
1887,28767
7463,30090
24292,35475
8879,31275
15523,33287
27068,30039
3346,39401
366,32179
8713,28543
7913,35953
4622,35932
224,30608
15304,38925
22458,36414
14007,33179
9554,37423
24781,33997
12989,36128
12053,33054
8017,35755
17918,33529
19227,36097
6074,32699
9172,36430
20584,33723
8003,36348
26547,31119
16366,35389
19455,29227
14924,39884
1913,27969
8893,32854
25295,36260
1897,36737
6273,37417
20232,38608
5837,32705
10025,30931
22245,33816
25185,36352
23143,35410
17099,29291
15105,37834
5602,35703
7023,34525
19518,33658
21782,39660
2779,38269
13392,33126
23808,33937
1737,27767
11680,39619
27181,39048
26977,29002
6046,34474
14485,38246
19575,33666
24576,37183
2576,35232
9546,36294
26092,28375
13158,33118
14362,37645
7895,35631
17354,28589
20011,33690
25863,28273
7190,32765
9637,32917
3262,28387
22939,33859
5680,42287
20339,29960
23410,33910
5102,29869
14544,33238
10131,30265
10637,30828
6875,32744
3786,38387
16061,31021
17188,33433
10508,39509
27022,29663
16338,33341
1918,34901
17811,33510
9455,37045
26675,32103
14819,38125
7386,32772
6000,38866
6603,31243
3702,39828
18148,34943
10858,38949
20293,38916
12711,33104
17107,33415
16071,31378
3200,35350
20171,30142
6144,37723
22801,30009
22386,39255
3897,36660
5421,39924
11677,39619
12191,33075
11677,39615
5886,35832
5749,39381
9712,32922
4205,38529
5284,32637
19958,41141
20294,38922
20913,40701
9863,29544
3761,37668
17133,38063
13706,37372
6633,29077
26433,29926
12498,36416
8811,37702
24710,37941
26197,36923
14957,30983
25500,34865
17698,33503
5411,31714
8971,29349
10626,38893
5472,32658
21061,31425
3920,35182
13950,34903
4310,31187
11962,37493
9397,28714
10637,30828
11135,35898
11582,33035
7187,30953
10704,38594
9198,36953
17257,28048
17599,33492
25584,35055
23188,36059
24922,34007
1792,30362
18036,33540
12076,36907
11018,35080
24226,36272
10860,38951
19419,36928
17108,33416
19291,28407
14773,35514
14079,32010
9211,29472
12564,38641
7155,38803
20554,29542
2093,31725
8158,31442
18088,33549
18344,33560
27209,30042
20463,34798
27335,29709
673,37101
18095,31152
1958,38167
13103,34729
4944,28169
5220,32631
7224,38634
1543,37577
4698,36448
24669,29271
13777,29451
5329,32644
24476,33977
18696,33578
10047,32943
23801,30349
7451,31202
16882,37226
19052,33613
26745,28283
3788,30322
10217,35326
875,38850
7662,35112
8803,39775
14500,31428
12714,33105
26177,30682
13177,36976
10575,37121
5249,39519
1875,32397
2240,36157
18456,30697
14194,35500
12560,35749
21889,29654
15961,33309
5853,38035
25797,37170
22432,31055
18582,35877
20409,31719
13841,30387
22658,29768
14227,27786
18951,29124
22007,31624
16328,36452
18468,39100
24298,39219
2612,31748
26830,34102
18975,33604
702,30790
23176,29026
13122,34294
1995,38335
16116,32228
6813,34937
222,30608
23292,31694
22935,29555
27524,37882
11555,30437
24685,39285
23866,38563
369,27689
24983,35203
5666,29666
20843,37984
19066,31320
6548,29851
27499,30761
295,37451
5338,38982
24535,33987
6878,27875
24004,41568
17090,31893
17354,28589
9153,28391
3149,36093
25418,36152
22586,28146
10430,32952
2444,32445
4855,35395
6015,38778
16578,33367
19985,38743
22750,33848
25233,35609
18955,31782
17840,29505
23553,29077
17145,33427
17882,29748
7871,36912
14942,33258
16383,33347
20152,35372
14453,30665
5666,32669
25860,34052
2074,38199
14359,38448
18866,33594
14266,31217
21835,37017
16705,33382
9555,37265
24878,29613
25170,36720
21374,38505
7451,31211
16031,29928
22533,31138
25133,35849
21277,28154
20635,39023
18829,29562
11942,39709
22121,39415
1891,34523
6967,35697
19586,39277
13181,29519
18490,33566
18113,37315
15243,38871
404,38772
14058,29411
26729,37491
26698,34096
11147,35178
15264,33278
4913,32601
26141,35058
25385,34342
3347,39402
36,27703
14756,33800
1480,30763
6681,30132
9808,32097
6867,38085
12811,35358
3953,35875
21664,37692
6806,39237
20879,31385
17914,29952
19222,38787
10512,29971
20923,36467
9420,31285
14490,33231
13147,33115
8454,35667
9301,30773
16588,31869
25859,29810
15764,34374
3705,39835
18869,33593
1675,35367
19789,28071
17562,33487
27099,37891
16253,33335
2920,29864
23076,30214
16179,40937
27113,34124
15302,38924
3809,32521
1570,30958
25126,36179
25553,35319
10504,40816
11410,35161
7024,34524
3170,36230
14266,33210
8585,32836
4675,35304
17073,38059
4399,39667
16126,35430
11366,35173
1009,29175
24301,39738
15028,39712
7720,35225
4510,38463
19724,35445
3824,32530
10562,32962
20390,37424
10816,32992
9860,29544
10387,36189
24846,35417
23252,33896
1544,32525
2070,32416
17475,30342
18279,29717
18056,29015
16355,28652
11731,34953
5497,31353
17211,39223
24501,38643
1912,40060
4652,30622
25003,36171
12997,36218
14910,36934
2870,38280
3706,30299
24109,28234
7684,34726
6135,34595
14184,31365
15139,37285
27278,34146
8043,39072
941,28241
16765,31563
18260,35787
7024,34525
15526,37773
5107,30370
16862,27803
10989,35029
13054,36009
23250,33896
21031,35201
20282,37391
20176,38141
8458,32830
7651,35147
10913,29641
5613,30617
7115,36485
27317,31655
15876,37064
20916,39421
8282,32825
18977,31579
10492,30716
7518,37030
7752,36374
10222,34933
23033,41309
7434,38053
10627,38895
1845,27779
4595,31894
3740,34823
10146,36615
19172,36874
116,31193
24896,30606
2105,37005
903,35764
16958,33410
1846,27972
14334,36250
11580,33035
6120,28794
2235,32430
23780,30732
15878,37065
24210,34590
17700,35452
29,27912
7918,34390
27206,34136
13610,39991
8899,36616
25819,34047
3877,38545
5951,37729
1533,34788
80,29683
27546,28377
12674,34443
25988,37965
14079,33195
21380,38022
16265,37671
10431,32954
21627,39079
2071,38197
15087,31708
17913,33528
2067,32416
7396,36167
9996,32724
11551,33027
16302,34683
4284,29093
6933,34599
15545,32197
18672,36270
12824,36402
2396,28612
13730,29165
6622,36200
11161,35918
8835,30589
4572,39888
10229,34664
24389,28429
13519,33138
3160,34813
3781,28081
23114,33881
23131,36967
6062,32695
293,35052
13148,33115
13969,29881
20339,33703
3030,28270
7624,35097
2432,38058
13709,31873
27546,28377
13721,30727
11113,36683
26462,34085
5939,32691
21750,39945
16048,34686
3926,35118
22070,31629
3546,32496
13044,34626
8461,32830
16027,31018
2636,35215
4856,32592
5128,29589
4797,32588
3208,29676
6650,32726
2070,31293
12101,33062
20907,29917
20968,31808
2891,29103
25512,34867
22461,28950
27179,39047
22621,39042
14699,33313
10819,32988
27365,30124
24375,37808
23953,28135
3820,30293
21894,36032
9132,37054
27374,39234
21111,34346
16901,35361
10031,30998
11586,33038
9084,32877
12902,36279
17794,33509
11313,35378
11903,40004
1495,42060
8875,31768
17352,33460
20578,39943
6271,37416
16340,33341
12438,36571
21274,33747
25789,31468
12609,35599
17341,33457
8023,35996
4913,32603
9342,29512
14054,29410
6229,39872
3035,27951
25239,36919
6208,37964
17599,27815
27224,37583
7919,34392
742,34913
16353,29987
22657,33838
13504,33136
1986,31911
20466,34796
4723,36329
9042,37943
9704,30582
5894,37284
9135,39591
14713,37827
586,37896
12240,33084
23530,31713
10628,38894
2624,35249
6698,30726
11567,38132
1896,36736
13766,39114
562,30654
22530,31142
17493,31765
11267,37002
12344,35336
15052,35656
2813,36358
5645,29179
16478,33356
11580,28607
27202,40842
21639,38864
16462,29882
24800,34002
9869,38975
11821,36345
7715,32790
17206,28501
5103,29869
9863,32940
8052,36155
6633,32724
24584,34463
8394,30359
17188,33433
19762,33681
3944,34618
18204,28103
20953,33730
8033,39244
6051,28492
8117,35900
7547,29734
12411,37118
23755,37956
6499,31547
15963,33309
1723,32381
16354,37057
11818,35802
9710,32922
923,34893
17951,33535
25777,28211
14386,38186
12750,39514
14176,33203
6175,34028
21275,33747
5593,35231
20207,29612
9337,38254
21121,30783
25361,34254
5160,29743
19554,33661
2246,35748
4510,38465
27074,31866
15285,33281
27332,29707
27261,39651
4456,32565
1678,31127
4176,29848
9255,30759
12063,37917
1889,34627
26006,35919
21413,34370
5146,36935
21486,35137
23591,39153
25466,35738
14429,33223
8408,37139
8734,30543
1858,41112
8350,31038
7332,28752
8825,38490
6589,32721
22801,33851
14249,39807
4703,34669
25428,36074
24617,39590
11189,35171
5535,32663
23616,35719
21300,37596
6552,36302
16738,35316
14173,33203
438,37580
19589,39289
16412,38599
23878,37465
199,30225
3988,27711
5536,31028
6078,31180
13525,28941
9772,36301
25089,34873
5730,33173
12740,37725
6634,32724
5418,39922
11052,34792
16833,39107
9531,39397
5061,35978
17947,37016
10905,31282
13353,36236
19284,27854
7801,35184
246,32274
22077,33794
24759,30541
21237,36539
9567,34830
14664,38622
6934,34598
3374,39746
15610,33299
21505,38258
19210,33627
10492,32955
17099,29291
7740,35753
2396,28612
456,31415
2787,31111
22429,33824
8463,37206
7663,35778
7848,32801
7066,34761
2450,28918
1910,32399
10031,30998
25509,35325
4833,29303
23549,29077
24861,39315
27526,37884
6352,30768
20994,33734
3434,35739
27406,34161
9753,32930
23888,39057
17949,37115
13095,36691
4399,39667
3848,28772
14270,28038
6901,34956
2698,31968
19936,31438
24731,39563
25136,34806
23008,42004
22166,37793
18477,36557
3546,32496
21369,29030
19101,28182
1145,38726
3332,33700
20441,31393
17894,32082
4334,32560
14186,31365
3820,32527
13167,31490
23001,35647
18308,38852
27324,35496
5140,32622
10109,30836
5843,30240
26963,32983
13879,32214
21782,27811
2962,35567
1922,35121
135,37942
26209,38297
20788,35160
12273,38262
16142,33326
12264,30811
14251,39809
20510,33717
26830,29074
1508,31584
17696,33502
17598,31163
3605,37716
7583,38562
6676,37897
650,37549
19646,34917
619,37174
17453,30681
25331,34737
14668,38625
5229,28159
2057,35172
15285,29874
17578,31310
4141,41799
25558,34799
6978,35128
19805,33984
12220,33081
732,31123
12569,39166
16191,33329
3548,41482
5703,41066
7187,32764
423,32289
15161,39702
7953,36219
12543,31504
7433,38051
12533,28160
17840,33519
2837,39599
10054,36500
20204,29612
5410,32646
12804,36245
7943,38754
9840,32927
27574,29006
10154,37113
14555,31381
2205,34558
9977,39117
17634,38091
11629,28431
7894,35631
2887,29103
25598,39357
17201,32199
14500,33232
25924,38538
517,37214
27404,34161
79,32254
6850,42383
17341,33457
17889,35481
17632,37012
3206,31884
17113,37163
25848,34048
11412,35162
59,27688
14451,27669
9641,32920
14669,33240
26269,31201
9970,39095
10896,41255
11915,37049
5730,29446
4704,34663
13937,37541
15469,37557
4901,31753
12162,33065
22935,33858
1461,32186
11407,36011
3457,35538
3169,34932
26697,29901
6287,39537
13270,35420
3333,39908
15605,33298
20226,28447
6207,39215
21698,29985
18232,35548
21485,35137
402,38774
12823,36401
16466,37135
7086,39454
13639,29063
5713,32672
175,32265
1845,32394
23076,27958
22652,33835
535,27994
10785,28515
26067,34071
11271,33015
14279,35892
3763,28297
15668,34787
7519,30841
18489,39798
17288,33445
26444,35967
7741,34655
10108,32945
12555,30526
7739,35752
5910,34769
15006,35409
23960,36552
14661,40055
25415,34733
9785,32935
14943,36985
7678,35061
24303,36826
17866,35608
21470,31533
17884,38853
24408,37100
10789,29515
25526,34308
19336,29746
20842,37983
13559,37083
27422,34162
5686,36561
24110,28234
13880,33163
27326,37485
22804,33851
20428,37594
6161,39460
21260,31640
22073,33792
26614,29269
5127,32621
15778,32740
1508,32361
5330,31330
9641,32920
11022,34662
1806,32393
23404,28635
24796,34000
23765,35582
14168,34818
18869,33594
10456,36453
14259,28003
1847,32394
11973,28818
21154,35134
18490,28416
8835,30589
3945,34983
17688,33498
27065,34120
14843,33253
14699,28073
17205,28502
2678,32228
2873,38284
11765,35268
490,28945
16460,33354
24522,30412
6647,32726
26844,31118
24745,31959
15400,29804
26871,31850
24962,35189
17560,33486
21695,29983
13003,36869
25483,35238
24485,33979
16281,34532
1627,32369
7544,36496
14471,28673
941,32321
16979,41695
3729,34855
8823,38489
16430,33349
13866,33159
556,33806
23324,31930
7804,32796
19485,29817
950,37458
6591,29653
1155,27772
25450,36351
22313,30298
3101,27909
26670,28936
6068,33946
12742,40424
17453,33469
4917,29620
24604,29678
27404,31375
7228,32766
2702,27712
24447,37167
2315,37029
21780,27811
21344,33750
7657,36094
2784,32457
20146,36979
3537,42229
1894,32739
27437,34163
24688,35464
11281,39627
1097,37305
14473,39241
7480,32785
25224,36701
26697,34093
19294,28407
13596,34446
5220,29131
22351,33819
23488,36564
5122,31346
1203,31431
8757,27649
23060,28825
14876,28847
690,31891
3034,37683
4284,32556
13886,34794
6771,30321
25356,36253
26924,34105
17204,28497
10841,32993
597,38158
13443,35518
15141,37551
25525,35529
9035,30915
12178,33067
13373,36491
17114,35283
20359,33708
6125,37126
8880,27814
16639,31226
11713,33044
10786,28522
26965,34110
16895,39919
13699,36946
7478,31350
20290,35942
23890,39060
15743,34676
427,32291
7463,30090
9644,39718
16111,30549
23295,31696
21672,37282
26547,34087
22961,35194
4904,32599
784,30556
3809,28992
25447,34023
2610,31746
1183,31506
9314,30536
2124,38555
5126,32618
2580,34584
1685,28754
21114,33739
24391,33973
6093,32704
7549,29019
2349,39061
4672,35303
14925,28871
16027,31018
7979,27702
17883,33524
23285,34857
19348,39678
10637,32967
17502,33472
1436,39841
24849,34004
14237,29761
11583,28607
27119,36970
21181,35974
2151,37971
2169,32423
26019,28913
22452,37291
23409,31410
20017,31887
6989,34928
19552,37512
25025,35837
16506,29865
20099,28979
12514,38481
9483,30987
22540,37184
22298,41061
23320,36103
25797,31800
4613,35252
19574,29650
25375,42081
10554,39327
12961,27914
15950,36609
1457,38554
1755,29462
2411,40864
15575,28875
3272,34804
12225,33261
26982,30375
8802,41019
5722,38606
8284,34492
18007,33178
2987,37409
26809,38117
4270,35502
1209,29292
11896,31090
7783,29653
26633,32320
24280,29625
1787,37627
17417,37517
5583,29878
4478,36389
21697,37220
24712,38157
15610,30654
1070,33388
8106,34098
8809,34784
24831,33315
5405,36580
3215,36630
14168,30228
9231,30215
15231,31488
5852,32413
10708,35973
6541,38301
24810,28824
26364,41157
1778,41329
23524,39662
26707,30192
12548,29593
7118,32060
9439,35867
11199,38955
20654,35501
9459,30034
25061,29016
19394,37024
9334,29564
27584,35802
22010,31596
25644,39884
21267,33742
24707,28692
22145,32341
10090,30864
20397,33944
9278,37729
9333,35635
12013,37431
22169,33539
894,33912
25562,40559
5411,37133
27228,29013
10238,41782
4360,32247
25927,28208
18300,31967
6342,36141
803,40870
24012,29737
5640,28879
104,29385
16420,40735
23780,37524
14394,30912
11715,33007
2936,34736
20578,27708
4671,36970
5865,41685
23900,27667
16899,39887
27099,27958
19456,36118
8554,32760
4835,39637
5387,32085
16608,27750
20077,31024
13432,31794
20067,40753
16713,27968
11502,40728
741,28111
8611,36757
19998,35086
14283,40407
4128,42052
9992,38031
10422,39332
22437,30232
19755,28243
21612,29527
21322,40285
15162,28064
7235,30845
416,34801
21996,31856
12990,34805
7980,38606
5199,31291
2167,29012
15024,30329
933,37960
4153,39778
23190,30173
11334,39070
18237,38537
8346,37115
15895,29164
4396,37484
8453,36467
6759,36161
22360,35463
9042,39045
5487,32941
3511,29564
11186,29308
20470,31676
9469,31638
11689,32224
19023,39917
22702,36265
1605,36412
27476,42209
18764,36143
11273,40812
1398,32943
20582,35274
24778,36362
7070,39116
26144,36884
26036,32828
19111,40828
15147,34650
20272,41922
6037,38588
27282,30259
12674,27847
25782,38113
8308,33663
16044,35467
26690,39027
25339,35155
2553,35148
4333,36348
14208,28900
26285,37697
24241,28784
8138,38321
7543,34255
968,41968
13860,42301
5988,38480
19760,28566
14077,42199
22631,37586
148,32896
549,35050
12035,37168
15701,35546
2628,38987
7712,39613
22946,33089
1293,40052
5668,41580
9654,29084
23097,35058
19296,37281
26505,42119
8923,34903
7972,37836
22609,40160
6757,33512
2895,36182
12032,38181
7512,37545
3603,38348
9658,34143
22351,38199
26916,40678
23832,35339
10271,29676
18795,31122
3423,36685
27596,35740
1848,28085
5884,28096
3054,30447
2203,38086
628,42325
22541,41764
14744,40800
4028,38857
25563,41540
7005,37003
15256,28239
9003,39639
1291,30564
22423,36868
4792,39825
22244,32747
23193,27819
11518,29416
19638,41970
23156,37589
25364,30074
16577,28012
23858,32104
12719,30270
19287,31467
26061,39044
19020,38364
26720,28404
21403,28134
23458,40458
15748,31378
20609,39855
6817,33108
15340,29967
13879,28679
3011,37729
23933,32686
9646,28118
5278,39495
1993,31326
8717,34817
3395,30289
9909,33411
15369,35161
3585,31851
19099,30434
18912,31865
11508,28915
16602,32054
11004,29693
15381,40242
17557,38137
26204,32768
14552,37591
12159,35025
24422,42071
13501,36017
1600,28281
13985,35544
7971,28812
24476,34673
24880,40810
24782,35072
22457,34213
17374,33971
12481,32704
5102,37873
14755,31391
10375,29293
5765,40324
15781,37955
410,40924
13454,29157
9560,37477
27638,40401
19192,36225
6794,32780
24367,31532
5483,32137
7190,30759
23672,32844
8558,35741
5880,37721
25857,33374
7731,29738
14231,32544
8777,28935
22855,27953
18717,36424
6649,35148
17187,33648
308,35227
4446,30445
23328,31244
1879,37934
93,39767
1103,39758
10965,40215
143,40177
10759,37023
8993,34098
12248,28910
16892,35561
20054,29522
12837,39099
4264,33049
22041,32858
6982,41009
24254,36919
8106,30866
23806,34489
25720,32640
21838,38658
21824,41502
13959,41301
7948,32189
7308,29541
10158,36090
16142,41219
14717,35083
8438,30596
17911,41653
21596,33599
5481,39895
18461,39046
15642,37643
17685,32384
1942,31295
5523,36915
13890,37944
12354,30692
9503,31598
11137,35035
18311,33730
15428,27816
12822,33984
26348,41101
17871,39192
4457,32241
11438,29878
6154,37230
6138,40540
880,39325
5595,40634
19426,37741
13288,30857
20643,38954
6761,31976
12809,41054
10512,29455
27475,35870
18104,29272
3215,29274
21695,36766
15402,38351
24417,41606
19913,32701
15554,40849
10966,32963
2080,37351
1350,36900
12498,33319
8561,36192
2289,38597
18252,40225
19938,35302
7140,29449
3988,33714
10205,34339
17651,36686
6181,33145
9854,39217
12966,30832
11806,39747
15137,41063
20775,38964
17730,36209
680,31197
2938,34386
18484,34582
14373,32133
25165,36540
6961,27704
18296,30616
15555,36039
4737,40516
3287,35446
19212,28508
21951,28307
11937,39881
3065,37343
6905,30555
9500,41990
3291,32594
11099,38425
12111,41474
16563,40574
22621,29485
12705,42008
2965,41843
6369,37466
27110,40766
21392,32324
27052,32809
15862,31108
19067,35492
11786,28611
13539,33569
14748,27810
3892,38489
8658,40422
27395,32947
2589,36914
10998,36316
25112,32765
10554,31102
15023,37946
25811,30717
26723,40834
18922,36415
25922,37980
8456,34740
10493,36924
17674,37100
9861,36488
23972,31065
21118,41669
12917,36312
14542,41594
20070,32287
2495,35000
10118,33529
9840,31217
3704,28709
19985,33193
4877,28231
1892,39177
11609,34710
23986,37946
14989,40001
18326,41427
8152,42155
23318,42119
3061,28377
14078,39717
13820,42137
19877,37567
24229,32775
19326,30257
5909,38363
6662,28082
19087,37448
11685,38431
27156,34867
1021,38658
16149,35603
6526,33651
13416,41165
9901,31428
10395,30319
14666,28677
2480,34191
24424,29840
11947,34651
22726,34825
21504,33759
25921,37990
27626,34454
4262,33265
5409,32028
13316,32053
17637,30359
18590,32816
2105,40231
23155,33057
10493,38156
26432,33429
18314,42169
26495,32948
22963,30164
9901,40188
13334,36496
16804,30397
1341,39846
27113,27789
8243,32083
12109,28413
27201,28512
1675,27844
16587,34487
7984,41999
25208,33938
11173,30154
14521,39569
22740,36536
4826,38651
2727,32346
1562,34061
26728,33999
8652,35948
2694,29783
24048,29252
13006,31644
5169,33664
10358,29073
23837,33497
9685,36684
21142,40360
5561,32455
3011,36849
13091,41069
3217,38961
19047,41793
25782,33958
13379,41854
14922,39236
147,40323
3505,30048
253,27841
17167,29477
3817,40352
27041,30145
6769,33604
17123,42109
4758,30614
20575,37340
4219,40404
2756,28646
20962,31432
26705,41001
12452,38223
1995,42082
12903,36929
6146,41254
21671,41505
402,33353
17917,32082
800,40098
1211,38515
17616,38389
3597,36848
20195,37160
5745,40221
24945,36721
18823,36409
22000,35751
26539,35906
13148,41045
25142,40079
11424,29837
4368,42351
22704,29507
4571,38291
4829,30320
1893,34255
16341,32293
20539,35724
11908,42049
13851,35011
5262,38544
8805,37996
26334,38452
2756,30975
15145,33938
25602,33325
4866,35262
17923,36584
9935,40862
3134,39958
16224,30045
25764,29373
24768,36565
12247,36692
15747,32380
8329,33714
14079,28878
10909,40766
26417,36356
9503,33846
1657,31252
2301,36659
19060,32209
11771,31197
13444,33002
23735,34823
1578,30563
6453,29694
15583,41577
10291,38316
4303,32102
20609,33201
3795,41098
24122,40305
3486,36453
15203,38123
491,41115
10554,39129
19501,37769
2219,33412
11152,37075
21134,40937
6875,37902
7797,31396
26920,41445
14630,33975
6602,30985
2616,39738
117,29148
19160,29927
22652,38779
18995,31607
15965,40701
17467,39111
26830,28165
1817,36084
13570,34429
25980,27685
22328,36615
4068,28496
1693,36787
22103,33295
23161,42282
27486,30820
22425,34052
22172,40122
6970,36815
18284,34257
18584,35322
21624,33177
27388,30197
10927,32305
14966,32254
7980,30966
23196,27728
12794,36915
8078,27837
5289,33486
1130,29870
25119,36481
2810,42203
26389,30447
26013,41873
6379,36975
7353,28100
12427,29929
19780,33378
14440,40721
785,39667
14970,40120
7604,34847
16296,39110
11885,31067
19292,42121
13190,33900
25160,39619
4940,29135
21432,28353
8919,27783
22101,32730
13770,34855
13109,40167
1535,41858
5935,34306
24282,33078
17802,41947
5231,32261
22326,36331
23336,42259
27294,36373
24589,37213
13624,35200
19785,34071
25064,34205
26474,38888
13482,31720
26949,42365
13780,36456
982,41518
441,41327
6017,38305
4446,29474
2710,32202
2273,40407
8566,36444
15760,29517
19681,33318
23802,33481
18182,41150
1607,32456
25390,38738
11884,37540
9739,35730
11524,33272
6361,38430
25788,39443
19541,41885
5142,38834
7715,41890
6635,38823
23065,34184
6112,29521
7096,36985
20479,32911
11757,36612
5057,39690
8620,38517
13294,34480
1568,31878
25843,39251
24752,28368
12910,40072
20834,40952
24119,41478
20535,33299
24661,40824
13142,37874
2278,38296
4429,33172
1612,31488
18841,27861
3933,31369
26441,37366
9016,37337
8703,38835
18536,30422
20994,37715
656,39633
24492,38664
25392,29343
10795,32333
13603,36299
22065,30953
23390,28840
4350,40070
26285,33878
4144,28702
18398,33349
17603,35892
2390,37272
21640,40387
1311,33850
26319,32694
17460,41740
2768,39202
27438,34045
27252,37827
11755,31141
2943,38017
11238,38943
21313,33655
4546,37668
12065,30210
2410,34704
18096,37838
24983,29713
12802,33739
9586,37462
9226,30172
57,34400
22696,38531
24111,41298
17553,36334
25200,39761
17062,36333
6825,32729
9477,31443
6181,41466
23664,36216
24312,38343
5839,35753
27526,29591
12749,30133
23626,41319
6961,34545
27213,36703
19055,37118
1806,29106
11660,31995
19706,28073
5696,29236
1498,40625
3938,30990
11342,37368
1152,33242
16368,29793
2239,30189
1709,28454
741,41261
22629,34403
26710,32993
23969,38564
697,31589
9046,41228
7785,30590
5261,41879
11469,38790
20180,42019
2570,27651
8338,35981
27145,31536
20864,42305
13255,38512
1638,32403
26820,38799
2445,28839
10349,27935
8637,33310
20278,37396
11763,29961
8861,31675
24134,29561
21808,28107
8182,39046
10099,36835
6968,32296
21289,37115
23485,37031
3400,34853
18888,34339
21884,27682
7707,32778
1017,40261
6136,33530
17499,33408
19226,41086
11625,37906
13120,32539
23528,38805
2894,31007
18467,32952
2183,30494
24640,38784
1295,30826
26868,31551
5505,42230
6164,29692
26221,41593
24226,39542
18117,35624
16016,39858
6241,32504
4633,31281
11707,31050
20484,31557
23837,35183
9747,35171
240,35708
5034,32042
21033,36290
6510,34656
13827,29658
8333,31707
5156,33962
11570,36724
15160,30331
12702,38521
27212,32752
3332,37037
1702,32363
19352,29263
4366,31294
11302,39173
6313,40547
2282,38096
15416,36798
14525,40649
5937,33041
3067,35783
23051,32623
19123,38373
398,28374
23992,30436
8916,33376
24339,30761
24408,36486
1142,29370
17341,31170
14498,39221
1935,40204
3582,39222
420,33944
24067,34942
2839,29952
24502,40269
7208,38426
1924,40506
9395,36576
18278,30454
4392,38457
8221,36568
3985,35042
17772,33700
11247,31993
11483,41357
9323,28388
26231,40946
21558,38442
9713,34270
17518,32674
8320,40650
19138,40780
18285,35003
1743,33519
2380,37838
6725,32554
15557,38538
13901,36859
8717,33752
1559,29782
17688,35593
8491,35820
7669,36268
2445,32554
19087,32243
15452,32332
8352,40397
16501,35332
8259,37768
16747,34552
13411,30217
9887,33223
25372,37018
6213,30167
890,36587
9524,34267
5514,32331
16843,39113
9145,28117
20419,37194
657,33198
18028,33347
22603,36886
164,32945
2402,41558
9658,33908
17080,35477
3435,34159
10168,31356
22282,37589
2887,39876
9199,28789
4286,41494
16475,33857
26105,38036
3435,37623
2104,34070
2256,38738
19720,36766
5843,40039
1123,30844
13568,28483
8001,41548
13571,32861
21899,31794
10031,28304
11272,30027
10816,30193
26831,32139
27493,32848
9968,28447
21497,29474
23420,37668
15547,36226
5430,30123
10687,31336
1922,41963
13924,39539
20124,34718
25066,36058
6558,27905
3533,38093
6315,33043
13877,29249
344,39307
25857,33281
20955,31741
24494,38442
25942,37908
8347,30095
13951,38398
9711,30283
20102,35602
1518,41945
22760,32072
20353,36734
14071,39303
21530,28553
8600,36443
23653,29426
1111,38919
21372,39016
16794,33999
17921,41866
19215,28330
25805,37008
25897,38781
23418,30380
6461,36083
1874,34075
20866,28619
22187,41280
22652,33436
21303,32334
17861,27789
19734,34235
186,31800
5899,28086
8473,41504
3906,28803
1883,29111
26480,38434
20236,39670
10705,29671
11436,32142
957,28266
19841,42241
24025,41312
15654,41913
509,35348
1539,39448
22158,36029
6056,30902
428,39757
16822,27935
11958,27822
20103,33494
15187,28203
14416,35381
9634,31316
14470,37863
3940,38097
4838,38169
8638,38818
1339,41153
5857,30694
2140,36471
18031,35435
9091,37969
17363,41857
14123,31000
1191,27683
18352,40015
9320,41688
6060,29889
27335,38744
2686,37968
6237,30335
18640,36194
23153,38278
14819,30310
4431,38828
3169,34494
25109,33807
20517,34350
3097,40431
1581,28012
18047,40955
14492,41650
10814,42104
10904,35027
12970,40709
21103,37167
23446,41352
20409,33971
2674,28457
1846,29976
2877,34930
23090,37771
2459,41707
14018,36856
18807,35542
21634,37646
8493,32194
15059,33353
12355,32597
23291,28733
1954,35490
2760,32160
13894,39291
13570,28203
19517,39482
526,36939
5841,31360
24744,28196
14607,38429
7553,35544
6147,39543
18894,29354
4388,29020
25086,33794
17931,41959
25421,39217
25119,28265
8386,27700
364,41711
7782,41499
15490,30790
15994,30789
23343,32344
15047,32754
12612,41590
8473,41354
17173,33307
24227,29352
17026,40065
17987,40257
709,33768
4041,35254
2489,33741
2041,38260
12930,29039
932,29414
6556,41394
17204,41127
7419,36076
27000,37307
8095,28732
17475,29703
25988,29292
24699,41539
25116,37973
1677,38259
24528,40361
3933,38552
26044,29701
9265,40442
16959,39990
10284,38025
814,34213
19473,41152
2031,30147
10018,39349
12895,36751
22763,27741
13126,40253
1492,37668
10651,30577
16766,41631
18447,39919
3940,40543
9609,41709
7181,34810
1663,32723
23358,39469
757,30250
25032,31446
10010,31583
7599,27868
4779,38303
9234,28594
10004,37584
3481,31402
14030,37679
21252,38400
1384,33267
14343,31364
16550,37351
24118,31995
17586,40781
10089,33266
8408,38823
24011,37024
20868,34529
16414,40730
23707,31232
2574,38541
6335,35163
21516,41699
9061,38253
18448,30337
23980,32872
18174,42310
9637,32536
22648,29236
22522,28473
11280,38658
24845,39943
12763,28483
26242,32712
9076,40284
23318,30562
25025,41972
6678,29543
24343,31984
21398,42015
3614,32723
20988,36586
463,30923
991,33154
5701,34035
24556,33572
12125,41530
24517,38495
20929,28951
3561,31627
21618,38350
15716,35709
3240,40047
17130,27870
15175,34582
26867,37232
6279,34930
1577,29130
10316,34299
19762,34750
18487,35168
7946,36806
20174,38573
11006,29863
14483,35994
7961,31524
23659,29953
24328,41390
16024,36625
20419,39713
13277,41989
21477,30750
2662,38439
25417,32862
25684,28256
8066,34545
12900,40270
24090,28339
21426,29933
26403,40543
329,30007
8004,33597
15427,33805
16764,28109
19942,38032
24862,36713
21352,31488
3169,32762
13986,40177
27255,29773
17542,38675
22666,32054
25684,29070
15411,40143
23473,32208
15036,31226
637,41407
14983,41562
26994,34313
19172,35685
5676,28449
26827,35472
25987,28526
7726,41810
11450,34803
1867,40625
1669,41072
21515,34952
14652,27711
1732,40895
27544,31969
14747,41673
12328,41373
22303,29756
2773,28463
25228,31526
12335,33263
849,38712
4483,35121
21320,39660
13138,32274
26781,36844
4756,37039
24126,40119
3326,28538
4109,35426
17692,36020
9128,41122
24601,41379
16814,36908
9709,41018
2922,33240
533,37863
24378,27718
101,36100
5479,34371
963,37881
25737,31460
1232,37142
8168,29796
22487,34435
26755,32114
14099,28628
8903,38083
8959,34268
21584,36610
16485,29575
9799,38218
3764,29568
16298,39314
14718,29736
12227,40664
20169,42200
20202,41685
21553,36996
9074,32477
15751,39984
23451,32122
7222,35139
24305,33260
21192,34280
13949,31931
21631,32498
20260,38605
16538,34478
7794,30946
1055,30145
7335,34049
7702,29063
24025,34769
2640,29140
20614,39412
13342,29681
26832,36342
3819,41670
22077,33058
1380,35712
18662,31962
12582,39482
13501,29958
3329,32783
5097,37905
17438,30096
22912,42399
15774,37367
23691,29226
5398,31092
23462,32611
3228,33907
12299,42314
2902,30596
25905,28151
19700,33063
6685,40207
18052,36268
14447,35403
15933,27791
8632,31473
25129,36227
14770,31456
6115,30657
2534,35700
19477,37182
16855,36643
20954,31078
2255,34419
4689,34282
7679,39006
3893,34602
1572,33252
24403,29923
15452,31070
9354,31188
27248,32330
23265,38179
10377,31108
14791,34454
16951,31620
19256,29175
5586,36775
21370,33764
8984,39864
10444,35922
17012,40154
17622,30863
2648,29749
2166,37892
24103,35977
23489,36582
5126,41199
18825,30521
10373,30082
11625,35236
12355,38456
17319,37433
8111,31381
19386,29574
4958,37760
15321,28198
16321,39114
2460,41326
9972,41754
14682,38273
699,40050
27004,32994
25946,29784
14884,39684
1316,33021
7315,32790
4236,35382
12387,35243
27575,40314
546,40358
24121,41229
1562,31443
18852,33663
22899,33064
21309,36414
4776,32918
21361,30047
5165,35562
7022,42255
9860,33531
8980,34597
7929,40270
8076,42172
1065,40220
25303,27669
27550,39427
24699,32243
7864,35993
8951,36489
4277,40877
24002,40859
21933,29935
6712,40063
13901,28725
26890,35086
9107,36117
137,28774
27205,35577
27430,36851
20189,40627
17407,37867
12677,30507
23,40555
4172,34737
5594,40762
19152,39349
13288,34074
17799,41932
6997,29124
11989,34023
18104,31177
20299,40505
2755,39340
4149,42150
16354,36957
11440,38707
18801,35947
8169,33866
7131,39661
59,42300
18260,34351
12591,32577
15098,41140
6332,38290
9182,40410
16512,40088
26395,41309
25424,36738
20425,36944
11831,39724
12131,38101
13386,37782
6836,37275
18363,30758
3506,38231
6598,40729
25432,33913
17086,34927
21646,38757
18898,34811
13562,42154
23233,33921
21034,33743
10719,29598
18637,34250
5355,28973
12149,33579
905,32835
21167,40405
22903,35925
12937,30940
10297,31092
17771,32473
4434,28583
16079,39308
23769,40462
11769,30228
18138,32956
25097,34589
23617,39924
3803,35616
14001,34872
16332,32300
1644,31817
24607,31925
11119,35115
20708,38768
287,28517
3361,28179
6743,30538
13792,35573
11936,34298
25294,28872
2155,31111
2499,34891
9156,29135
2203,40907
23134,37492
6343,34929
16784,35999
4188,36567
11808,29000
2928,32251
19244,36892
25747,32930
14181,40768
14944,32478
9430,40896
27074,34070
14584,38082
24427,31850
18356,40220
14429,35550
8789,33015
16758,39525
2578,29112
9125,35106
15403,36932
19939,30991
18799,38434
18837,40186
12156,40468
21567,40001
15040,36826
72,30953
10244,31366
25947,35020
20346,39355
24567,30775
2518,33089
19677,39149
24947,38350
26427,41431
20316,42238
7870,28855
16075,32955
13540,39104
24330,39692
346,38676
5630,29110
13526,35549
6931,31454
25978,27721
16245,30048
21481,41127
10077,33953
5512,40132
5936,37638
25115,40663
17557,41219
8027,29980
13708,28229
27111,31490
24819,39417
17606,35223
15360,28445
25457,35114
8101,37250
16953,40096
4433,32187
6784,34801
3656,29912
19149,28774
26538,40780
2166,34168
22156,27965
3826,38324
26595,27995
1337,35771
3311,35630
22914,33254
14252,28477
4787,35324
14736,39743
12199,36289
24975,28582
26492,29047
15675,31661
27079,29953
10850,38797
1563,36297
21442,40876
27249,32512
13272,30674
23855,37916
5656,31613
20724,41506
10442,34964
24256,39070
21005,29104
11751,34367
24601,40189
6871,33776
24449,39295
11650,31155
13528,38768
4956,40092
416,41464
4798,32331
1785,32507
709,40213
22205,34749
15047,33374
2385,28377
27160,30287
22062,28591
22079,32158
22605,29350
3179,29440
7692,39027
15162,35748
17695,42072
1043,28485
26576,27787
22506,36148
26112,40274
3771,32404
13720,33178
5032,33820
13162,35996
19373,40779
17173,36327
5453,29286
7096,36995
16443,35421
18695,38209
12702,36045
25842,41192
22083,30707
26013,39864
7797,32232
3986,40421
3427,35988
15804,40761
22226,41965
13664,27776
3556,35268
9620,38356
906,31501
6477,37340
14468,34983
23680,37655
8818,30209
18114,40305
924,33363
19696,35828
22265,41507
16000,37546
16555,38772
11568,38155
15499,31267
26571,36010
6768,42211
10363,38983
3953,38378
12759,38487
11643,38035
16289,37605
6623,33340
3810,35856
10931,36412
20554,28524
6707,28064
6370,29714
23518,38226
17473,30729
19844,37220
5672,36322
4030,41881
9481,28921
5493,38797
5730,29557
705,34258
3481,37573
20073,28443
22517,42287
22853,32317
27594,40883
6379,29534
11510,40974
16661,35005
10792,41266
24688,36095
17624,38489
12622,39634
3173,41019
17881,41848
22429,31153
17298,36835
4066,30758
659,28047
6878,34902
15765,36920
11760,27786
19272,33944
3944,39679
10332,38301
13311,33717
6634,35044
15063,34636
22176,40094
12443,40965
14883,27800
170,36233
13698,33306
10168,28502
21967,41314
11714,31272
22619,29723
26263,39169
25306,35909
19635,38668
13425,35149
5321,40775
9169,30987
18982,36128
21445,39539
16553,34109
11536,33486
15339,31476
25416,28546
24954,34154
13434,30000
18412,40957
13568,40332
24916,34587
20611,40869
14439,33209
12353,38199
9249,32383
3166,31278
17905,40210
24557,30714
10616,36072
21651,31467
26450,40842
9209,28215
20835,29316
1394,39655
6601,39185
6408,27966
26667,42124
17727,29343
16471,35556
8668,27741
4000,34172
8069,33194
17167,28623
21241,41302
11589,38773
19767,33027
11122,30587
16618,41542
18780,29514
21635,32894
1583,39095
1184,33020
5580,27753
3906,30748
25044,27709
9546,29625
14095,41056
12644,42181
17086,29863
9718,35598
15729,32084
5632,41868
20038,35416
23680,27760
27517,36362
21742,35220
1120,36589
8516,32734
13568,30951
18930,39824
19022,36497
22275,28463
18064,38013
15690,36785
20031,35067
1176,34714
1660,37720
20773,33232
20223,33476
2434,32155
26853,32423
22137,29830
20066,33541
7927,42167
22168,34119
17015,31329
7642,31447
22024,28260
26516,41507
9602,29198
27639,33398
10165,30329
24478,39952
7198,29215
3360,29157
13689,40672
22255,37243
14657,34249
25260,34866
12358,29434
17775,31463
8783,30521
4233,33301
1753,33004
24354,30486
25070,38524
8471,34515
16533,40580
10177,42149
11614,31113
12136,31553
24102,36658
17006,33348
25597,39894
1705,31979
7606,38604
24730,36544
3328,35702
11192,34675
22653,36995
1114,38499
18482,34816
17422,32519
17238,30115
18564,39885
18690,30095
21685,38073
8736,31152
7700,34567
9933,35827
6452,39634
10029,37585
15554,41512
6521,38557
25281,37716
15851,39784
22429,32493
9814,33217
8892,32914
11147,31838
23204,29246
11855,27754
7471,31293
17657,38081
21707,28218
26618,33993
20396,30678
8706,30265
22095,38948
9956,30290
13233,39442
6229,38947
13179,40524
4747,37409
23517,41354
26996,34020
15234,36301
24131,29885
15597,35365
18854,31080
16723,40591
14003,39851
22399,40754
4909,33311
25679,41931
15037,35361
21889,34857
7465,29741
15678,33622
9150,35863
2336,39462
9224,33679
26554,28391
2446,41481
13643,28657
12681,41064
16434,38200
21779,30958
13498,33988
9447,40493
25492,41659
14,31337
1809,29693
11263,35167
22762,30345
13496,29506
6854,40224
1851,36505
25672,34349
9984,34488
63,37718
171,41931
4101,41391
5023,41924
9940,41136
15372,36232
21679,33134
15821,39542
17655,38792
12946,32516
13876,42404
14880,35276
6687,29186
13368,37944
6796,35321
8428,28659
5826,37639
6110,40413
13782,35902
13055,27648
18504,40576
26807,28474
20156,30345
14667,27964
14553,37026
5594,39927
17018,42318
16881,34381
16229,38928
15711,41341
10537,39084
3052,36815
1034,27826
4345,34774
3057,36590
12255,36069
23507,30678
3188,35570
8224,38393
27149,29132
15960,40130
15701,40904
8106,30128
7531,38105
11091,30296
8972,29094
10267,30801
9171,41438
3173,36680
20089,41050
15749,37250
3688,37429
42,40497
20060,33921
25527,31556
13132,32315
18332,34518
19584,34702
1627,37862
14385,33750
17321,39339
18394,35119
6190,29615
4419,28140
16071,39766
23917,31843
20013,38638
26146,31669
5063,41293
2980,39578
14842,38588
20627,41642
24672,34054
12313,40413
23472,37999
13153,36906
13571,34562
20075,34188
680,30086
8863,30182
341,30929
5166,30323
16032,37650
4544,35854
5230,27836
6332,29084
18864,41456
17767,33285
16739,42019
12706,29290
10272,27799
840,29588
23886,41424
9564,39618
13999,28961
7727,38725
6561,33245
26101,32028
12042,41860
25486,40610
16642,41284
22357,41230
15071,27873
938,29908
12728,41464
16185,29758
12991,40783
24017,28887
19432,33878
1007,33660
2425,37125
24222,38205
2589,30171
24467,37059
5666,32238
20254,40293
2297,37932
20872,40772
2543,34191
19984,42408
19089,30458
23376,28320
10207,29233
9818,32493
8646,40180
5794,28331
18442,33268
5189,41175
8849,33903
17346,39146
4529,39159
2626,28986
19169,38537
12292,38897
6952,31796
6239,36145
15745,31031
2149,41696
28,42387
10093,36627
26669,34853
20210,33365
2130,41832
12684,30718
3729,41931
7022,32718
8523,39865
6502,41349
21551,38351
24172,33431
23727,35492
24684,41433
25646,30825
1744,40334
21876,36904
13213,37300
780,39127
22003,33619
25415,41511
5498,31830
4643,39620
23932,31927
5330,36745
24359,40209
23291,29887
16776,30467
995,34155
12681,36297
16002,28382
22999,39520
26959,38968
5274,32990
912,39019
3369,35416
11197,31448
1724,42362
3907,33754
19646,32617
6165,37942
24248,40761
14575,37777
17243,41549
27472,36055
1187,38758
22158,37993
26212,39477
16814,32695
10178,38957
14596,40586
11252,35787
21406,28852
5046,33456
8026,41725
10032,37444
2863,28771
2414,36013
8424,38494
11678,38439
17492,42013
5513,33246
10347,32074
6464,31113
6355,30193
1488,35161
4744,33915
19754,29756
11826,29053
22972,36985
1557,34905
20290,40469
7938,37842
4138,34792
5922,37070
22024,31280
13883,35311
24590,35071
12243,40350
16755,30626
4724,36731
18994,40775
18981,33763
23818,33715
12843,30867
18943,36212
10159,40035
1354,30657
13786,32778
18265,30750
23603,37539
13236,30417
6889,41278
22297,42346
2364,32624
22564,30599
19927,40275
22222,40294
9978,32695
7250,32530
11838,31780
20142,33187
12846,38596
8228,38498
14305,32120
22583,36317
17959,39310
11800,35420
11841,36715
7978,34216
27199,40181
18849,41013
14463,33265
2617,40473
11955,40304
17870,29659
24778,33143
24854,36853
8168,30862
14787,37599
27453,40715
8915,34922
18851,31258
1700,34184
869,41552
4799,41027
9243,40146
12506,37096
3211,31081
26873,28510
26507,37205
9002,32546
17328,36744
6769,34351
5917,31952
341,34125
4029,38271
17534,41910
16493,39749
12939,37620
12887,29982
26810,31489
19156,38934
14535,31535
15954,35029
9670,30923
675,28272
1885,37875
458,30779
13581,40402
17576,28247
21899,38699
24850,28837
13772,38128
13060,32112
18348,33074
23418,38104
6666,38782
24564,41323
68,33438
27488,27811
11100,28614
25429,42224
22073,37019
21129,32555
27004,40511
8988,40422
17611,35183
20492,27676
8369,36133
4656,31801
15732,28513
23387,30443
9724,33263
26968,31193
11973,40286
17768,41357
26653,33973
14116,29599
2335,42161
7690,33750
7258,31243
19944,39109
2635,33882
22313,35835
23505,40910
9422,30437
4805,40636
7892,41396
22634,36784
13075,37045
2187,28833
17555,37932
11887,39724
21934,39738
6834,36140
16348,28190
1779,29272
6901,31138
26699,36735
26359,36536
7470,32118
19835,40127
14384,36070
17548,41407
4493,32019
42,37743
8213,28034
10732,27825
6744,29249
27272,34409
8691,29827
13246,36530
27347,36624
16099,35115
23360,32629
24668,41962
20185,40080
10472,36327
8771,33226
20438,32629
723,40266
27444,34688
14045,36833
22683,36582
9950,42030
14454,39113
16495,35861
10684,41354
23334,33290
1776,32401
25422,31150
13043,38735
12734,29084
15417,35352
9948,29907
11538,32458
13076,36160
16341,33969
1654,34384
27204,40510
5333,36730
10862,37322
8987,39875
17408,32264
15804,32416
15453,33609
4597,28289
3683,33203
11151,39318
22179,33673
17322,39603
22779,37494
18382,30590
9775,36760
23726,36555
23087,39346
8597,41121
4226,36001
23877,33519
6252,37470
9680,36436
20543,41470
13912,29892
20763,39498
3080,28047
10241,33851
10524,32448
2045,37241
24143,35126
776,37352
23044,34452
10494,28760
21160,29048
7748,31390
17254,36004
17696,38992
10967,40345
17751,35114
20028,34655
1742,40075
6464,37485
21195,40558
12458,36359
13443,35544
11752,31090
25703,34768
27436,33326
7849,34096
13037,32036
6554,28989
25416,28375
4980,38544
23983,33343
21902,33700
25517,37845
5547,39309
13754,29502
5987,30859
7518,40360
27206,38801
4054,29252
15653,37074
18934,33626
19669,35872
27534,41399
21870,28384
2754,40530
6064,33031
2872,37209
23443,30094
16516,40863
27102,30656
9285,41533
26168,41948
26572,41654
18591,36784
23675,37545
15673,41688
14603,32056
23730,27837
21801,30649
10564,31833
325,33643
25595,30889
13009,29419
14172,30491
19802,32994
8801,37934
25145,31228
13823,41379
1623,36382
23638,41872
21791,36944
18641,40601
4913,30822
12841,34119
3022,38509
10217,41079
788,27957
1941,35635
9049,41355
514,34248
5919,30450
3238,39746
5869,41205
9119,29243
22984,31164
17212,35826
21762,36310
19255,32427
5203,39515
11874,38591
1093,32467
14778,36917
21472,28652
7099,36283
23803,40785
17074,34246
9083,29216
20500,38883
4524,37983
19997,31929
24619,35627
5279,38883
23010,34874
12133,35424
20599,39547
8994,37475
25904,34960
16906,27707
14318,36959
2495,32086
13647,31149
25425,37865
5102,35188
18098,38552
8646,37393
21840,40953
1923,38949
16261,32548
14380,30908
3178,38261
26220,38458
25302,40532
20489,38958
4488,35849
7242,31387
26150,32620
25104,41436
6816,41580
23933,36354
27544,32353
17363,28472
16712,36226
56,28871
15056,33904
9068,37772
25584,39884
20546,33215
800,42064
13970,34043
16834,27989
25563,30016
6417,33492
10278,35741
20037,35563
1268,41800
24929,39606
26334,29538
9904,35029
27377,41331
15875,30634
20186,27770
20487,33835
10101,38348
10306,28200
13395,27932
25445,36955
701,36860
3942,33641
16891,36773
6413,29377
7293,36892
1256,28914
17659,37846
3025,41880
9820,36882
24136,39550
23560,41232
10765,38623
19229,42356
13596,28644
9281,35519
14944,38936
7022,36010
16457,31031
14647,38795
11835,40571
7135,39016
24383,36995
24541,38177
5059,40606
4294,40075
2679,37898
17598,34098
4070,38076
20129,30393
6815,36304
19508,32135
21676,34447
1599,40236
19937,29883
20136,28152
3750,38519
5005,38118
3206,40699
27209,27878
22286,29674
5322,34382
16549,31769
2569,39204
20089,29074
20921,32125
21101,34788
12261,42167
19955,28987
18057,38079
11475,34000
15953,27858
9876,34502
24437,30472
21625,32564
1454,37144
7431,29855
13436,40424
9763,34112
26777,36763
19680,33064
16818,36603
23158,40786
23812,28926
10126,35779
26208,29702
27418,34447
5570,40144
3974,40902
1282,35386
15866,39124
16917,41047
7362,39113
14402,38339
15201,29364
25617,33293
947,28232
4786,33315
27644,39520
921,38537
5189,36018
16940,38553
18111,36467
4803,42014
7030,39888
16849,28617
27392,33930
7050,41447
10150,32921
4143,35060
2480,40196
26209,29751
18935,36538
27535,41620
25840,39038
6740,31852
3564,40294
1833,33445
9380,38779
21892,39783
21996,34833
13268,39740
17268,38650
10101,34025
21731,41273
3000,29670
5005,29628
21516,41527
13899,28537
14859,31090
19942,29634
6945,42338
9451,42286
181,41491
12552,38155
7828,34920
8271,29460
23740,35921
15187,30615
9975,31730
17417,39559
22652,32797
2494,33651
8705,27713
16713,28392
26219,32656
13728,32489
9958,42244
26321,30837
3637,36399
24149,40253
11616,41592
14496,35059
19537,40889
11833,40902
24291,33923
14383,38729
19404,42219
16057,37363
7026,34061
17630,29693
20066,30617
13826,39798
12034,38208
4883,32515
11477,33904
3857,40119
11069,34964
11134,40992
18458,36585
7324,41629
8807,32143
6878,27942
24736,33425
16602,31139
13413,35163
15069,42149
21281,41253
12091,30446
16622,33998
19919,27838
24438,39148
6970,37210
14290,37591
14864,33413
17713,34880
14539,36988
6421,27882
4942,29028
18230,39869
23032,37512
26992,29142
16263,34828
6685,31456
5266,31174
5336,41136
2828,38345
13290,27650
5192,33923
24498,41379
22608,36651
1479,37196
3161,41379
21655,35012
6486,35972
10838,30584
16123,35895
18199,29901
9701,40651
19012,35621
11098,35248
26462,35532
3370,37930
24021,40503
17185,35507
23778,35531
8667,34072
20571,39016
13859,37812
25745,39932
12392,41307
7140,31888
8166,29248
9792,39617
916,42206
19903,32629
22815,36933
20470,29425
27539,29961
20102,38025
12911,37426
20883,40517
13272,34919
25272,27821
17456,29984
11001,35557
15616,35523
7363,40036
24360,29103
10411,34809
11030,33559
10720,38709
16542,28026
5258,37034
26649,35164
14826,37793
24953,36628
26293,38280
9778,39156
26201,41833
12424,30868
21698,40264
24508,37296
10801,36697
27503,34795
5532,28971
15207,29292
22506,35077
15233,29075
25764,37007
18306,30888
24339,37524
24377,37532
3884,42083
10459,33528
17082,39322
14082,39162
15819,38338
19678,40945
8077,37634
22432,31382
2910,31550
27489,36311
20269,33228
12591,31104
25155,31950
9575,35063
22367,40149
7253,40088
8591,35030
520,40491
19952,29487
23263,38359
2009,29086
10679,35050
5036,35578
25800,39647
22621,41908
7111,35368
24560,35367
21207,41215
8223,37551
9225,34311
17035,35342
21652,37508
25972,29693
13250,40133
4777,31731
7064,36623
13830,34897
24069,38717
6991,29411
13304,33842
11923,32536
4352,38605
4537,29092
20082,39498
24939,30416
8870,38538
4149,27833
25064,29893
10707,35716
3666,30523
9790,39563
19368,41410
1490,32883
11982,37840
9227,30251
20413,39694
20143,35774
4810,34677
3457,36727
23564,34830
8383,29509
22005,30798
9000,32259
14550,30224
6419,36566
21649,42067
9578,31933
26015,31873
7660,30034
3904,29683
893,31517
13168,30854
25646,36216
22945,29340
8416,33059
7425,34921
4201,34789
27186,41425
20966,31233
11728,42187
21183,39671
9730,34691
13594,34402
25703,29180
5818,35044
16309,38307
14033,34244
10041,37917
927,30766
24727,33002
24956,29959
20961,36427
6156,34339
3512,30142
21920,37258
6717,29404
10389,39871
20844,39322
26454,30820
12954,37727
7183,33844
23139,27765
18382,41029
24950,27820
17505,38123
9211,28078
16716,40289
17784,33419
1666,29408
27611,37733
24076,38413
15476,35505
13940,35237
10917,39439
21033,28573
800,29217
27314,35097
22508,29310
19634,32075
7556,36965
17384,32747
16057,38922
13501,31728
22227,31158
24107,30156
3283,37294
9482,30717
11180,40277
16742,31024
27498,38121
16145,33724
418,39578
1185,32500
12221,34123
14086,27718
27507,41380
2564,30106
25449,36259
2488,33176
27155,40856
22459,36917
22345,28173
8763,40297
14050,39105
25571,28502
6000,36343
14254,34102
19527,31108
16514,33723
14123,31968
18464,38359
23616,31301
15005,28270
2773,38494
3677,31725
17733,42232
18716,28466
17436,30756
10961,35399
8256,41567
17791,29128
11151,30210
4060,36971
22774,31511
9327,30083
1353,39440
6568,31430
17446,30597
2347,31124
15245,37120
15006,37378
13219,36477
6229,38493
12085,36761
9911,37314
19907,36901
27346,30631
1305,39627
24226,34923
14339,31453
25102,28780
11347,35239
19224,40150
25956,41712
15152,41484
3760,33050
18096,36302
736,37980
27618,35252
18088,30410
26000,42202
7523,41818
2812,39639
9869,39359
25038,39112
13287,42335
23578,28448
24212,39687
8617,39185
15474,37510
19177,30849
8869,36025
26483,41235
1977,41600
11001,32678
13325,39549
10953,35536
750,42151
5877,41286
2404,35553
23859,39116
11723,37061
7527,35672
21677,34889
20395,35403
11365,31908
23448,37614
10567,40743
3892,37087
5715,37633
5169,30154
7516,30847
19911,34509
14118,30045
3362,40267
11151,34066
11197,29781
15643,41669
8937,37806
20865,38203
12627,30548
11711,39747
623,32576
3171,35531
24679,28663
292,31371
22982,39484
16781,36435
10026,33295
13198,42165
2977,28569
2929,33629
19654,29263
5367,38380
21001,39438
19365,36340
10303,30166
25738,32804
1420,42164
18847,37089
3256,41492
6926,39861
987,36906
9948,31831
1385,30331
323,30406
1994,35985
25190,30449
12679,41272
19408,27705
26427,38405
17113,41790
17438,40249
9547,40656
22434,30824
16712,38270
4300,39406
16496,30857
27135,31254
17222,30694
22128,42144
6791,37075
16139,30643
23627,34273
24582,32929
7749,29598
14100,41958
7298,35307
5110,34229
13708,28357
338,37478
26543,34428
16401,38106
2231,38570
8345,37467
311,39171
24217,31138
25642,31389
18287,40158
21545,28776
7565,30526
18686,29933
11328,38321
16968,37429
15578,34699
23130,39404
26611,33934
11369,40948
17392,36478
16654,32346
15207,37684
5476,29458
20297,36516
23378,39122
7244,30020
25155,36532
21556,32109
5620,34582
636,35360
5403,29652
9647,38848
25726,33761
10047,42349
13650,32374
10642,33762
2659,36933
8584,35835
24804,40758
466,32295
1762,39117
6971,27944
10059,38109
19040,33288
25682,30370
7908,36368
18740,35461
17493,37493
26951,32395
6087,41017
20913,35651
5117,37603
14273,31397
13723,33171
14690,41002
2177,36128
6787,35193
17275,29245
8147,28768
2903,40240
21354,29560
26396,39109
16614,30243
14995,34738
15107,33243
26637,41151
26719,40468
23482,32069
4042,37494
20194,37780
17217,29287
21401,34961
9296,28397
23885,29271
17984,35189
25297,40205
24288,41256
2396,30021
9100,35101
16715,32610
22466,31258
20948,37888
11020,27752
19142,32539
21131,29972
1283,36342
19859,29930
1866,39287
10945,40800
25320,32809
9818,31495
15305,34023
18940,33124
4399,32084
25014,40389
8607,32881
16858,30703
15736,30432
9268,39133
19988,40961
11898,37348
26495,30877
2319,40838
17679,30325
15385,31540
15433,28412
21070,37911
25191,32054
23079,39944
6488,30593
18217,31176
27528,38420
2718,36888
22380,35806
12115,38871
19422,36314
464,36539
25871,36398
3543,33097
4417,28200
8887,34378
10089,28278
1751,40650
23648,30896
15473,35369
3928,32740
24321,34167
13422,34462
3995,41050
10876,37270
16694,34653
335,34883
18985,35916
20238,32988
4926,34185
23864,30380
6208,37194
4099,32266
615,31419
6246,31551
22250,38719
4315,35990
13893,33551
26593,35301
5372,35172
5779,28914
26099,30988
18047,40432
19235,36349
4713,27769
19668,42184
21345,34649
5042,38059
9694,37178
36,35927
19038,37546
433,34374
25112,29680
5031,32119
10711,37739
16475,37184
3562,28022
6680,28900
4612,41740
22826,29899
16826,35645
23016,40307
18622,35766
26078,33049
12697,40826
10407,32467
9650,30208
15516,28938
18109,39653
0,34370
18585,37601
25633,32753
27414,28877
20619,34642
22450,33510
14045,29461
24126,34534
16221,39861
11427,38784
12619,30506
22529,36936
26704,36115
19771,29707
20421,38973
4805,41109
27562,38089
9040,37342
16872,29503
5754,29126
8400,41955
7690,33723
15427,32243
13274,32088
19,40390
7717,35138
18426,39946
15588,40506
24582,39584
24510,42213
4834,35214
8924,28400
23623,38174
1246,29583
13922,40172
1536,29315
8840,31718
4745,31757
18927,32836
16995,29538
27019,35578
1335,32565
17940,37782
825,34573
21390,37380
10859,36855
8284,31984
8036,42386
25449,41117
27471,28459
1158,31149
7920,40362
16627,33115
18883,28896
23138,41080
12883,31314
1419,29530
5469,29849
6768,29897
26060,34213
19637,35795
8494,37788
9002,33740
18399,28762
18586,39736
14903,42300
10534,35733
15539,27940
5818,31450
11187,36721
21245,33039
11387,38917
21350,37218
19396,41158
14352,32759
24281,39497
20877,37401
89,30172
25318,34045
26502,30813
19957,31641
13611,34386
19741,31291
20321,39330
6198,30781
14619,32969
3690,29789
2710,39472
18268,38836
11395,28701
10287,30748
20908,29694
945,36173
1989,33252
2738,36646
24565,33279
17875,39513
6064,34936
25498,41771
19017,40096
27361,29080
17540,30986
13480,40312
10571,39092
11177,36431
9485,34000
9893,40562
10158,33171
553,33928
153,27790
14760,28730
20113,34065
10507,30127
19523,32539
10882,29966
23561,36609
23609,34676
26828,31681
17436,35884
12817,36012
19475,30100
2318,35910
8618,39786
16216,40172
26470,35329
13806,27656
1568,30195
13988,31877
12894,40108
17985,28926
20402,41345
12461,30439
3578,30118
10711,34645
7955,37517
17402,40603
3010,27710
22702,41350
20446,37856
26280,29249
22002,39413
21468,32277
19850,32004
5899,32863
13305,34148
22039,28721
25625,38836
15832,30627
24648,42405
8568,28823
2303,32796
5400,34213
306,34225
1089,30797
18775,42216
1813,36542
5948,35770
25148,28550
985,28988
6369,34208
4361,39843
15064,34141
13053,37690
3947,37679
25670,38590
20080,40029
22382,37722
27363,38792
26197,28932
27195,29183
13712,32244
19743,39537
8932,38229
152,37689
23151,27973
552,29814
5666,29078
8097,39020
20823,33564
4381,38608
19170,29337
26856,31375
6972,36889
6791,41425
13140,28081
16125,32539
223,32553
17866,28048
14107,41582
2431,38965
3684,27835
9320,37735
2817,35081
13941,39635
13899,39147
13783,30196
21682,35815
13584,33410
25663,33834
5628,29803
22398,32489
2482,37304
8665,27982
1509,39500
18727,29393
19891,38023
25973,28584
13229,37783
9906,37235
329,38198
24940,33642
23539,34622
24971,33441
3970,32792
14668,35413
7177,35837
12124,27854
23861,27981
3205,42163
11384,40392
6408,38669
23602,34855
15018,36727
26051,40456
12283,33375
26280,39505
2247,39928
24334,36665
18790,32642
16049,34509
17890,31793
17814,29210
15231,36533
21001,34673
7253,29433
6615,34977
18343,31515
18522,30280
12669,34284
10333,41322
24047,30079
21829,41326
19076,38430
26429,38572
9869,31595
3089,37531
16907,33100
1083,36405
7250,31311
23405,42181
20223,33554
26071,38461
25802,39045
1655,33533
25134,31429
1784,30745
10703,34930
1840,40715
11134,32662
16279,29668
20370,30479
12292,28845
3673,31466
14693,30735
2146,37105
25559,35090
2236,40347
17451,39571
2506,29958
7855,35344
6542,30082
18833,41137
23676,40667
12277,30340
23972,32793
4493,35166
4330,40989
7265,28011
26797,32805
15885,32105
26452,29806
25528,31060
27459,36386
508,36442
12227,40826
4676,37803
5548,38335
14122,35937
16130,28460
4724,41212
5939,31118
17838,35782
21300,30411
3952,35220
20543,40652
936,40799
12167,32512
25956,40864
492,42397
52,33743
13688,33593
3405,31354
19151,41570
22677,37394
8540,29378
16535,39474
8819,29514
9140,38305
25276,32736
26460,29679
25401,39435
25178,39124
16605,34089
24410,33774
9268,29272
1414,41021
3282,40081
10384,28254
16938,35297
6851,40639
13186,35033
22101,39821
4738,38734
4055,38525
17357,38993
7164,34104
18287,28666
25594,32327
1565,29361
11282,35252
12122,41722
17176,32394
