8285,39200
337,35674
11832,35130
11010,36655
6422,34661
11083,35624
11945,39711
8604,31780
6233,40007
4346,32562
16519,30006
1198,39742
5330,32644
5730,33173
11920,30248
16325,28294
21898,35024
4032,29450
17186,31022
8011,35734
5475,28318
20939,34306
19009,37477
16221,40331
18949,33597
11549,33027
2906,29185
10343,36393
3909,34449
6430,34457
25505,35198
8778,32847
3161,34700
23589,39151
2628,36392
24435,39940
22143,38096
1012,29172
16356,29149
7162,28907
13100,35224
20281,37388
1105,38610
7835,32799
17883,29748
11196,35937
6897,38111
19935,33685
3121,31045
9748,28506
20273,35196
21824,29511
17607,38066
277,32283
26069,28395
21739,27811
26986,34913
25130,34496
19862,38462
21387,34853
20273,35196
15979,28369
16343,31972
22996,36420
11379,35015
14599,39532
11159,36380
1570,30958
3332,33699
3430,36029
26200,32223
8394,33428
6162,39459
21073,37654
15288,29684
8255,30262
4720,37930
1794,38492
22533,31148
16018,31478
17212,39224
20626,38272
21986,38735
23387,38372
24801,34001
7711,36042
11146,35177
2067,32416
27597,35159
3087,32473
26731,29651
19790,28057
14604,38409
24007,35428
2037,28270
25556,34395
17259,30837
6288,39537
911,38970
3928,35700
1539,37153
5041,32614
25728,37195
25623,39977
6653,27678
16919,33402
25249,36396
6043,34128
5078,36830
14138,34790
27599,37958
594,32304
4182,28511
6758,37690
18787,33587
734,31123
237,32270
16026,31481
11372,36267
6466,39233
9746,35049
26060,37679
16380,29006
9498,35403
12567,38641
7990,38443
18037,33542
3014,37601
14908,36931
6215,39708
16899,40012
7967,35907
6348,31334
25220,34739
16061,31021
8458,31262
23319,34762
18542,33572
16728,34814
17910,32114
4939,31450
26461,34082
4670,36135
12322,30833
5577,35795
11392,35862
6701,30907
14459,38697
374,32285
27111,34124
20300,36012
18092,33549
2429,28287
3782,28076
3217,38753
13813,39261
4077,35670
15399,29804
6741,28811
3780,32169
6298,32713
83,29459
25395,36027
15404,33286
6062,27811
26347,32253
7833,36486
560,32297
23760,38155
17896,31396
4224,29143
5967,34232
11582,28605
1376,28217
16767,31578
2455,31519
26775,37127
23590,39152
3534,29488
8885,35675
93,29670
9575,39506
2723,32454
21545,34968
10682,30452
27111,30067
359,38347
17256,28044
21493,35527
2876,36299
10505,39560
6279,32712
17916,33528
24114,36307
2021,30071
11811,35521
263,32279
1374,32347
12179,33067
26982,34114
654,35453
3332,33699
17596,31163
24841,31297
20841,39727
4652,30622
10169,31536
12428,39168
16862,33398
10414,36772
19294,33638
548,31371
4624,35935
1611,29476
8534,29214
19782,39737
8018,36284
8713,28543
3572,30285
22733,29905
20720,38508
9274,38207
15749,35131
9397,32896
24991,35114
13753,30649
8150,32814
4042,32541
17599,33492
22779,37767
27497,30997
26875,37921
26220,34909
12187,33074
6841,36504
14083,28120
21726,29879
21185,36858
27498,30994
26745,34100
20955,31648
25712,38349
4798,29584
21806,36001
16462,33354
11056,36367
22828,33853
10847,38999
13389,35467
24782,33999
14009,33181
2298,32433
1487,29189
21249,33057
3721,36943
9942,38200
2922,37221
19578,38903
14102,31059
8874,28202
14428,30019
4221,29143
5248,28276
16478,33356
9770,36300
19673,37975
18908,37816
24906,28177
354,37204
27182,28747
9617,39866
8913,37731
12520,36589
6890,32748
18119,33552
12410,37117
4340,38856
3028,31089
15312,35493
17846,33521
16559,29525
1805,28322
12962,35299
3514,30701
18340,30172
13023,34732
2779,38269
9753,32930
11583,28605
24853,28679
14541,28899
8760,29106
17127,33420
11540,33025
4264,36207
25932,34061
3029,31093
1946,35259
4833,29302
8225,39936
24288,29127
23050,34554
24059,30784
13131,35923
26189,38677
21047,39571
23597,39684
5683,36211
12496,37985
20359,29047
18562,36056
1979,36242
8934,32857
10678,36445
13819,37976
2044,32412
20441,31393
19029,37843
5559,36369
6103,36323
4331,30871
27186,34129
17665,30662
3143,34898
25789,31468
14113,39858
11530,33020
5589,34978
20499,35711
17388,29645
10395,36159
16325,33340
21695,29981
14271,28546
8804,39777
5150,32623
6209,36835
15793,36710
9380,32894
5335,37425
23644,35003
22432,31055
24315,39341
22074,33790
22682,33840
23884,39326
20038,33693
22514,37790
16991,31427
7478,32782
26745,28283
23060,33871
4270,39425
13726,39484
222,32267
23489,36567
13392,33126
10858,32996
7946,36574
25815,34046
23781,36223
5422,30317
16248,37829
25497,36134
24970,35035
18975,33604
308,30574
18501,36572
22734,28805
1092,32333
1822,37619
17286,33445
18071,33548
25184,36804
12185,33073
16447,39441
26380,36911
15342,35241
5220,32631
17375,35451
8197,31847
19167,34755
21992,30866
11059,36360
15376,37991
4071,37346
7548,29738
7238,30175
26088,30698
13792,31944
21373,38506
7670,34400
22533,31138
20469,34797
20134,28698
14761,29021
7742,34511
17221,28318
26924,29553
1845,32396
23752,37955
16914,29836
23003,35648
5319,38122
23731,33928
16732,34816
2961,35566
19954,33687
11694,36761
19896,35799
558,32296
8188,32819
21293,39568
15338,33283
24214,35098
15081,35857
26703,39800
23116,31061
16347,39904
10109,30836
2024,32589
200,30229
14668,38625
17840,33519
16482,28839
10920,37720
8997,39009
17828,31810
21136,36450
10858,31773
24964,36039
17511,28085
10750,38324
26392,36472
23805,37470
19192,31920
13471,33134
19110,34424
2964,34740
25622,39975
21367,39267
23097,33879
9646,37144
1795,38493
16900,35359
6120,28794
26781,39790
26283,38732
23693,38512
25082,34022
19116,31819
22433,33826
18933,27951
401,38056
7661,35112
17917,33527
24371,37804
14106,28089
16004,30888
14805,33248
24723,39417
24520,30412
18107,30939
24646,30796
23904,33949
17204,28497
20565,34588
13034,36287
6118,34654
4102,40564
21744,37662
14107,33200
5574,35710
24817,37939
25044,27761
5906,36547
14303,37497
25527,34394
4629,32571
5717,32675
18841,29110
23049,39448
10399,36133
6145,37724
17034,36570
367,32179
5029,37383
23016,28391
6875,30591
21561,35917
19055,33616
14988,28476
17018,33413
5922,28006
10172,31543
8753,28676
17715,32502
25861,28275
26187,38676
15405,41296
7837,36619
7159,32464
17460,30495
9192,40850
14932,40219
14289,34105
15655,38689
25643,30206
15827,40952
19462,32095
23741,35591
7210,34158
20970,38902
15946,35314
5132,27982
1524,40051
810,34485
1519,42147
3105,39099
27204,31435
26585,33267
13204,36925
24988,34112
9252,37411
26597,30484
2035,31543
960,40841
15569,29674
10250,29139
24512,30647
12071,35942
24847,35297
1213,28258
147,42157
5323,29330
19973,41416
13684,34168
9096,31272
278,30820
16260,42129
575,32214
21864,39905
3079,33151
16628,37296
25855,35910
16430,32565
14737,38166
21877,33302
27313,35927
20233,40884
16994,29620
16893,30845
14113,40300
22245,41970
19540,30762
4107,39337
16297,40464
12911,33224
7589,29097
22641,37260
27509,38616
20468,38863
6944,31324
2959,30347
20414,38150
24994,28175
11472,32816
23346,35163
14977,31841
15626,28114
2303,33192
24114,34991
12595,36493
27378,41840
13165,40416
7341,34854
16315,39927
24001,33114
19138,34445
9785,42381
11903,34601
15363,36234
9865,29603
24869,30042
13350,28715
4540,36884
4792,40229
15106,40986
16035,39865
11002,30812
19641,37645
8163,41215
11035,32910
16089,28200
18824,42209
26059,30565
1294,35765
27373,33358
22238,32631
16347,37302
7926,41381
12009,32246
3295,35523
19327,27961
25339,41760
334,34381
9822,30911
20369,33679
27399,27730
23722,30881
10987,30888
1878,30143
10258,32808
13141,37920
5473,37078
12965,40302
8171,27659
12793,32196
9040,32498
15435,37942
5189,29529
10737,39411
17365,38157
4640,31222
15732,39336
3292,30293
8164,29703
22375,34803
955,32980
23080,30412
25513,39658
27284,39842
21049,41378
15613,37008
22495,33559
5266,36966
2621,28347
21757,32953
7392,32796
19609,28918
15174,29693
23880,39371
958,28779
14932,27992
12215,33908
436,39140
26494,29527
27148,34920
7137,42179
27503,36307
12152,36606
13942,29853
24828,41615
14392,29225
1498,34493
18374,34480
19709,35940
23105,41057
4354,32741
18917,35421
21482,38414
9713,38085
14069,37997
24270,40078
13632,35441
13945,31749
17562,35748
26700,34163
8294,29879
2569,39197
5104,42045
20931,38130
9524,41588
27601,37985
14200,29349
5238,36955
15098,30934
10905,40698
12036,29840
15696,40604
25994,29297
7829,36180
13751,30200
13039,37739
24005,36064
21879,32220
1793,31530
20805,32602
17771,30546
4090,31705
22574,38415
26765,31376
18846,35745
16296,31705
13986,34453
13425,28821
16250,41732
9862,38693
13853,30571
16114,40103
19554,31747
331,41202
21201,29006
7256,30127
6345,32114
23351,33814
1151,37622
12254,35681
3476,28997
2867,41604
23319,31251
19384,32521
21722,33520
1646,32460
5310,41757
3530,38771
21514,38733
13142,31727
6430,33841
19119,37303
16647,35846
23913,36011
27210,36615
16667,41858
15885,35284
14146,27674
16892,32966
21710,38359
9511,30040
9492,29074
8752,39397
11397,41704
24640,34796
10796,29756
14812,30081
16577,34552
20083,29596
12697,35987
8856,31928
15786,28687
2712,28457
11544,35818
19298,37207
5365,37956
8799,38283
11303,32117
3903,37799
17861,30392
22848,41161
18409,29639
24677,34629
1181,37685
24911,39781
19918,37878
5830,34727
18364,40336
24789,41223
21530,29608
834,35890
8731,32378
1830,28597
5170,40887
9128,29305
6353,37314
23464,33074
22033,29216
15952,30938
18381,30850
20292,29959
11051,32438
19606,28064
13984,42184
9297,30323
5681,38898
9354,36554
4997,33337
24476,41492
25716,36536
4900,35452
19864,37895
21286,39190
14932,31183
11997,29299
5987,30400
16047,38915
12453,33302
8308,41476
5812,34139
1368,36155
12324,40617
673,39846
4248,35691
2227,37704
17947,28458
12010,31890
10111,38936
17523,28279
6379,29376
8021,30814
23620,28934
6599,34952
21553,41543
7477,39352
27438,30791
14525,35567
24218,35509
9463,36557
16319,40536
25308,39653
14149,37531
10141,34560
19908,37255
25244,37302
25952,38472
2814,34018
17649,39385
1062,30133
16759,39932
16172,30554
9909,41817
18282,29124
8320,32338
26861,42293
3887,28103
19452,32109
4757,33441
23892,38198
16345,30803
12933,34089
6587,36360
26226,29671
841,34980
20367,27977
13678,39726
5105,29321
4552,30756
26546,28119
24569,33300
6928,37281
13008,35920
8471,40807
15116,37994
83,34558
13713,37870
6988,39805
18692,38106
18664,37751
20480,38787
24195,30521
6956,38266
2960,34181
2167,30200
9649,35713
16653,31600
5281,29422
20712,35940
16828,41633
19268,38313
20272,35179
1142,42158
23800,40221
16656,39495
20326,36786
17850,36048
14407,30518
361,36492
10911,33067
13741,36451
21000,31278
9986,40476
4220,35102
23307,40312
26071,38492
2005,31603
22678,27859
14201,32215
2495,42065
22800,30121
2781,27997
17015,35109
14145,29549
6267,32978
5167,32557
8942,36142
22954,31678
11629,28774
21149,38721
14544,40191
8253,29990
23128,29604
3419,32280
12751,35259
16280,41350
3846,34305
2569,31315
19981,38256
4954,29900
8110,29553
2057,32446
25126,36372
13790,30060
2110,42281
5847,38038
7627,39675
16558,36319
3781,40277
26858,29260
22367,30771
6670,31014
1177,39191
10119,39522
12243,33128
21083,36771
16028,35853
10727,31144
5135,28712
97,40621
20097,31892
21647,41142
4586,41500
13137,41753
3116,29234
6109,41698
25392,34593
14462,38150
9994,37141
17374,37914
22608,40529
2660,40035
16317,34025
8379,37789
11662,40573
905,38755
25588,33191
8469,35349
14660,37933
20842,32303
1246,38446
5124,33413
21493,31920
11849,30689
23873,39562
902,28574
6842,28529
1118,39713
19044,41473
926,41985
6440,37788
5338,28587
11966,35937
11439,28099
23894,37339
24956,32009
12190,35554
15468,40775
5235,28154
988,42055
22710,37226
26335,34508
23298,40759
13596,31292
128,30204
2507,32721
4877,35567
5910,36554
27203,42400
15688,30384
14977,33161
9099,31824
7851,27752
20029,34199
13386,41126
16810,30004
5661,32506
12763,38585
7488,33531
27244,36395
898,37216
17971,29387
6862,28923
7641,29768
27314,42081
3826,41212
21691,34504
10677,37717
25745,37770
5731,41344
15137,28716
11015,28249
16846,38467
22480,32210
1287,29842
14161,30679
9873,28078
4264,30223
379,41426
12172,39418
20338,39262
5935,32607
27419,32721
