8285,39200
337,35674
11832,35130
11010,36655
6422,34661
11083,35624
11945,39711
8604,31780
6233,40007
4346,32562
16519,30006
1198,39742
5330,32644
5730,33173
11920,30248
16325,28294
21898,35024
4032,29450
17186,31022
8011,35734
5475,28318
20939,34306
19009,37477
16221,40331
18949,33597
11549,33027
2906,29185
10343,36393
3909,34449
6430,34457
25505,35198
8778,32847
3161,34700
23589,39151
2628,36392
24435,39940
22143,38096
1012,29172
16356,29149
7162,28907
13100,35224
20281,37388
1105,38610
7835,32799
17883,29748
11196,35937
6897,38111
19935,33685
3121,31045
9748,28506
20273,35196
21824,29511
17607,38066
277,32283
26069,28395
21739,27811
26986,34913
25130,34496
19862,38462
21387,34853
20273,35196
15979,28369
16343,31972
22996,36420
11379,35015
14599,39532
11159,36380
1570,30958
3332,33699
3430,36029
26200,32223
8394,33428
6162,39459
21073,37654
15288,29684
8255,30262
4720,37930
1794,38492
22533,31148
16018,31478
17212,39224
20626,38272
21986,38735
23387,38372
24801,34001
7711,36042
11146,35177
2067,32416
27597,35159
3087,32473
26731,29651
19790,28057
14604,38409
24007,35428
2037,28270
25556,34395
17259,30837
6288,39537
911,38970
3928,35700
1539,37153
5041,32614
25728,37195
25623,39977
6653,27678
16919,33402
25249,36396
6043,34128
5078,36830
14138,34790
27599,37958
594,32304
4182,28511
6758,37690
18787,33587
734,31123
237,32270
16026,31481
11372,36267
6466,39233
9746,35049
26060,37679
16380,29006
9498,35403
12567,38641
7990,38443
18037,33542
3014,37601
14908,36931
6215,39708
16899,40012
7967,35907
6348,31334
25220,34739
16061,31021
8458,31262
23319,34762
18542,33572
16728,34814
17910,32114
4939,31450
26461,34082
4670,36135
12322,30833
5577,35795
11392,35862
6701,30907
14459,38697
374,32285
27111,34124
20300,36012
18092,33549
2429,28287
3782,28076
3217,38753
13813,39261
4077,35670
15399,29804
6741,28811
3780,32169
6298,32713
83,29459
25395,36027
15404,33286
6062,27811
26347,32253
7833,36486
560,32297
23760,38155
17896,31396
4224,29143
5967,34232
11582,28605
1376,28217
16767,31578
2455,31519
26775,37127
23590,39152
3534,29488
8885,35675
93,29670
9575,39506
2723,32454
21545,34968
10682,30452
27111,30067
359,38347
17256,28044
21493,35527
2876,36299
10505,39560
6279,32712
17916,33528
24114,36307
2021,30071
11811,35521
263,32279
1374,32347
12179,33067
26982,34114
654,35453
3332,33699
17596,31163
24841,31297
20841,39727
4652,30622
10169,31536
12428,39168
16862,33398
10414,36772
19294,33638
548,31371
4624,35935
1611,29476
8534,29214
19782,39737
8018,36284
8713,28543
3572,30285
22733,29905
20720,38508
9274,38207
15749,35131
9397,32896
24991,35114
13753,30649
8150,32814
4042,32541
17599,33492
22779,37767
27497,30997
26875,37921
26220,34909
12187,33074
6841,36504
14083,28120
21726,29879
21185,36858
27498,30994
26745,34100
20955,31648
25712,38349
4798,29584
21806,36001
16462,33354
11056,36367
22828,33853
10847,38999
13389,35467
24782,33999
14009,33181
2298,32433
1487,29189
21249,33057
3721,36943
9942,38200
2922,37221
19578,38903
14102,31059
8874,28202
14428,30019
4221,29143
5248,28276
16478,33356
9770,36300
19673,37975
18908,37816
24906,28177
354,37204
27182,28747
9617,39866
8913,37731
12520,36589
6890,32748
18119,33552
12410,37117
4340,38856
3028,31089
15312,35493
17846,33521
16559,29525
1805,28322
12962,35299
3514,30701
18340,30172
13023,34732
2779,38269
9753,32930
11583,28605
24853,28679
14541,28899
8760,29106
17127,33420
11540,33025
4264,36207
25932,34061
3029,31093
1946,35259
4833,29302
8225,39936
24288,29127
23050,34554
24059,30784
13131,35923
26189,38677
21047,39571
23597,39684
5683,36211
12496,37985
20359,29047
18562,36056
1979,36242
8934,32857
10678,36445
13819,37976
2044,32412
20441,31393
19029,37843
5559,36369
6103,36323
4331,30871
27186,34129
17665,30662
3143,34898
25789,31468
14113,39858
11530,33020
5589,34978
20499,35711
17388,29645
10395,36159
16325,33340
21695,29981
14271,28546
8804,39777
5150,32623
6209,36835
15793,36710
9380,32894
5335,37425
23644,35003
22432,31055
24315,39341
22074,33790
22682,33840
23884,39326
20038,33693
22514,37790
16991,31427
7478,32782
26745,28283
23060,33871
4270,39425
13726,39484
222,32267
23489,36567
13392,33126
10858,32996
7946,36574
25815,34046
23781,36223
5422,30317
16248,37829
25497,36134
24970,35035
18975,33604
308,30574
18501,36572
22734,28805
1092,32333
1822,37619
17286,33445
18071,33548
25184,36804
12185,33073
16447,39441
26380,36911
15342,35241
5220,32631
17375,35451
8197,31847
19167,34755
21992,30866
11059,36360
15376,37991
4071,37346
7548,29738
7238,30175
26088,30698
13792,31944
21373,38506
7670,34400
22533,31138
20469,34797
20134,28698
14761,29021
7742,34511
17221,28318
26924,29553
1845,32396
23752,37955
16914,29836
23003,35648
5319,38122
23731,33928
16732,34816
2961,35566
19954,33687
11694,36761
19896,35799
558,32296
8188,32819
21293,39568
15338,33283
24214,35098
15081,35857
26703,39800
23116,31061
16347,39904
10109,30836
2024,32589
200,30229
14668,38625
17840,33519
16482,28839
10920,37720
8997,39009
17828,31810
21136,36450
10858,31773
24964,36039
17511,28085
10750,38324
26392,36472
23805,37470
19192,31920
13471,33134
19110,34424
2964,34740
25622,39975
21367,39267
23097,33879
9646,37144
1795,38493
16900,35359
6120,28794
26781,39790
26283,38732
23693,38512
25082,34022
19116,31819
22433,33826
18933,27951
401,38056
7661,35112
17917,33527
24371,37804
14106,28089
16004,30888
14805,33248
24723,39417
24520,30412
18107,30939
24646,30796
23904,33949
17204,28497
20565,34588
13034,36287
6118,34654
4102,40564
21744,37662
14107,33200
5574,35710
24817,37939
25044,27761
5906,36547
14303,37497
25527,34394
4629,32571
5717,32675
18841,29110
23049,39448
10399,36133
6145,37724
17034,36570
367,32179
5029,37383
23016,28391
6875,30591
21561,35917
19055,33616
14988,28476
17018,33413
5922,28006
10172,31543
8753,28676
17715,32502
25861,28275
26187,38676
15405,41296
12194,33076
2692,34649
308,30574
19657,33672
25609,39600
18173,39002
26148,29194
15957,33307
12656,34541
374,32285
2333,30857
3887,31296
2194,32425
5935,32688
26909,38131
14992,29955
6932,34597
26819,36503
11399,36765
24438,39300
21848,38037
1807,32206
2585,34991
19069,35415
25177,36362
10245,41453
24521,33986
2575,35232
4880,32598
16483,34838
8533,30551
1689,28762
8880,31267
19819,27940
10221,34934
8883,31269
17587,39577
21332,35399
18919,37295
27020,34118
11331,35352
16131,31554
7162,32759
10147,36619
14244,37562
147,40936
27042,35691
25139,34996
17145,33427
21246,30197
26075,42400
11580,33037
2870,38280
18604,35536
16881,39008
26497,34086
13004,36849
427,27889
14860,30848
4179,32548
23076,33875
23506,38501
8782,28596
18495,28416
11046,34742
838,38684
18710,38388
13250,41202
23647,35002
14428,33220
991,38090
272,38650
6244,37746
9256,32889
5752,32676
2721,34029
3768,32511
13933,37536
6263,32710
9421,31287
16175,37468
5160,32625
3767,28297
25929,39607
2194,28712
27364,34155
16747,39265
21155,35135
22237,33812
5221,29131
5747,30404
18785,38825
8424,39863
80,29683
21468,31531
7053,35295
23078,30214
22187,41351
22230,28955
10108,32945
14843,33251
4292,37131
289,40860
7190,32765
7731,34328
19572,33666
11761,36384
10972,28122
26269,31201
7015,34435
19371,33646
22051,27895
7360,31692
3205,32479
17580,33490
9555,37266
25396,36028
20039,33694
2840,39594
18017,33538
26413,37872
18276,29720
19118,31819
22237,33812
12000,35722
11092,34885
14974,36998
11626,33042
18257,36812
17540,33481
3958,34475
10895,29255
9475,39145
5173,38570
13302,35554
5156,35388
165,37706
18058,33545
22519,37478
13426,33129
19922,35819
9031,30915
19598,35692
13959,28566
5040,39457
1184,31506
10546,34859
11728,35202
27504,31031
222,32267
10157,38874
5907,36548
742,34913
13506,31251
18701,33581
23008,42004
1709,27941
25230,35926
21251,38901
3356,30220
17886,29894
16144,33326
18797,40041
23757,38157
21992,33784
3891,34651
27102,34122
9186,35491
17128,33420
23530,33914
19663,37567
8407,35575
9473,39144
15536,32982
25041,34016
23589,39150
7894,35632
11976,35362
20040,29794
1070,27954
24283,38380
21165,34255
7652,35148
21423,35775
2578,34583
2235,29816
17887,38854
12774,33113
21899,36739
27404,34161
4477,37298
3168,34931
9675,37275
23586,33924
1103,38613
487,37253
26611,32955
3258,39124
21866,35155
16340,31776
25298,35830
27217,41773
11551,29764
14469,29500
13313,35585
5898,37665
635,41105
19287,33636
7083,32750
2386,34845
8280,32825
2003,30329
24908,28177
6759,37691
9651,37149
3604,37715
263,32279
11796,34703
15482,40972
18206,28103
2335,30857
6874,32744
1807,30202
17462,31290
4130,39082
24570,36948
14297,36546
3040,32187
8844,39700
14802,38959
13017,35543
19067,35413
21257,31642
17081,37546
11121,34694
6494,29704
3610,39915
13959,28566
18175,39003
682,31034
21890,29060
6974,39783
23072,33875
23230,36447
7661,35113
15499,37624
19455,29226
19760,33678
26670,28936
18735,33582
3943,35817
20875,38393
8325,37271
13792,31943
5717,32675
252,32274
23421,27869
4550,28614
11772,34330
26464,34082
15969,27851
26704,39803
12528,33099
6813,34937
17956,27737
19984,38742
17116,35285
14106,28089
14679,38768
20148,36980
14820,38126
6437,35240
541,39240
26464,31588
16218,31441
27308,37682
11674,37216
18092,33549
16609,33373
8685,37229
596,32305
4539,31883
25243,36920
21140,35246
2450,32447
3816,32522
1817,36407
11923,34752
16746,39264
16516,30006
16892,29414
27498,30996
23551,33920
10463,36535
24656,33994
22353,31608
17258,28046
5105,32616
682,32312
7982,36149
10173,29591
7007,35798
9477,37893
10286,36749
11403,35803
14625,39705
25399,34461
25317,35255
16941,33409
20994,33734
8538,33233
24428,37678
2170,32423
121,35458
25024,35836
9642,39716
12650,35943
9977,39118
19272,39046
27186,34131
13998,35770
4444,29660
24267,37509
11575,33032
13357,35863
13754,30145
16479,33771
9109,32881
18456,30697
30,38196
10936,39925
12233,31212
17199,30723
1505,31584
15825,35291
45,31764
7161,28907
16577,30514
10783,28509
2275,32431
14018,33184
25723,37505
16610,28098
3114,35959
16188,33329
11271,33014
25772,39154
1029,31128
16594,38094
19052,33613
22864,39659
6319,35672
1223,32342
12052,33054
27199,34132
2541,32453
15076,33266
6348,32715
27184,34129
2622,35248
2485,32452
1008,28628
14364,37647
17794,33509
11172,34972
7766,36853
24180,31051
17131,38061
14215,32206
14492,33230
557,31805
25644,28369
571,32299
18286,38441
18231,33556
8394,30359
14121,36411
22297,33817
2984,38526
26784,39793
13734,38240
6,36540
7229,30164
9694,32029
26831,34102
14942,33258
21462,33763
8107,35955
3676,34489
17606,38064
13527,37659
14996,37602
19706,34765
4308,32558
13282,36656
4850,32592
17745,37097
20507,33716
1848,32395
17500,33473
27307,37681
18252,34878
11057,34976
21557,28391
11679,39620
22746,33847
24476,28862
2927,39661
25378,34821
27504,28270
19178,35612
8309,34577
16831,39106
18304,38596
24875,29999
12029,38860
26482,37074
56,32251
1681,35066
3733,32509
8642,37747
23272,37762
294,35054
4749,27646
19164,30735
10876,33002
23347,35397
1703,32373
25435,35883
14740,31885
17656,41429
13551,39435
15012,33260
11238,36075
2163,32419
3825,32532
1885,32397
7695,34896
1821,37618
16960,31619
21227,34339
16576,33367
6739,32736
24391,33976
8409,38931
927,36035
6814,34938
581,34404
13821,27957
15939,28868
17033,36569
16353,29987
15549,33293
26088,30699
24961,35189
23784,35312
22775,38267
7712,36208
3395,38500
17379,33462
18735,28587
12903,36154
18741,38830
26361,34079
16889,29416
19226,36095
21809,36002
16837,29318
27043,35690
2784,32457
11905,33049
15740,34675
18771,31314
16769,31572
18473,34440
11386,35542
16496,39691
13636,38996
14992,29955
24783,39759
24537,28974
12559,39164
17819,33517
24894,30593
7529,41600
26184,39335
22520,37480
6186,37060
20405,37940
17543,33481
10586,37934
7748,36047
11735,35741
485,30000
19606,35235
6203,36963
23288,29596
4926,41992
13167,31490
19936,33685
25719,37010
20918,39422
245,28411
7552,32789
7738,34713
26004,35796
17432,33463
8674,30088
19072,37623
11186,34948
1647,30813
6429,34456
9010,35552
5938,28791
16710,29881
26563,39187
20584,29546
7123,38626
20387,33710
19899,36088
2407,40646
22504,33830
23427,33913
4233,37639
16961,33412
22530,31138
5132,30747
11530,41657
8403,32768
8338,38576
22075,27865
11988,35101
9,27746
8912,37730
12522,33097
10214,34378
5627,39116
13068,36341
21169,34780
15454,31559
24517,36894
24995,35033
9109,32883
10801,39025
1228,32345
4472,38083
9090,38183
18608,35914
1914,34656
27102,28588
26285,38734
19935,33685
25281,35793
17610,38065
27247,34141
15636,41461
9359,38314
4749,32584
25047,27756
21918,35221
7928,34250
17109,29145
25268,35924
1508,31584
2968,36327
21463,33760
16658,31234
3822,29633
20295,38916
20686,29907
464,41339
21464,35842
5713,32672
5623,36399
22237,29805
7883,34715
22379,35557
22986,27709
22353,33818
20145,36979
4701,36406
6195,29667
844,32319
16507,33360
18284,38440
17898,27811
7161,32761
17737,29818
162,38846
1140,32335
17498,33472
6094,29067
2352,39062
2986,38528
7547,29734
14781,33242
5135,38343
24648,30796
21568,33768
23499,35412
15200,31511
10221,34933
15307,38589
24194,33965
11637,41085
11007,34922
15027,39330
3710,28407
970,36834
2906,29186
26608,29695
11481,38730
16640,35418
21253,33743
11308,34522
12413,37120
5126,31346
5474,32658
5497,32661
17601,27819
3572,30285
14554,31381
17259,30837
13855,33157
9270,39094
18499,32826
21253,31299
2787,32457
13593,35197
18870,27875
9,27746
23254,33897
23719,33925
1472,39685
21286,39313
22067,36954
13094,34299
26019,34065
16866,33398
11501,36778
2572,35629
19799,31918
9996,29077
26746,39641
13932,37535
17186,33433
24613,39193
23652,36528
11100,36798
19855,38024
26682,34092
4739,32580
681,32312
25965,29433
4140,28878
11359,35085
13397,38073
24288,33966
1723,27685
21747,37061
20948,37355
8282,31491
18360,38783
25519,35812
21930,35881
9660,32921
27120,36971
987,30198
16605,32387
12819,41011
14073,38791
2124,38555
23168,39533
20663,37579
14808,29672
5738,39018
17855,33522
3997,37717
8971,29349
24148,36289
6265,32709
5484,42171
1146,38727
17487,34914
21715,31830
2299,30048
5140,32622
3092,32476
15079,33266
10173,32951
21260,31642
20387,33710
2044,31434
19311,30587
2757,29372
10635,30828
8534,29214
5816,39296
2098,38770
8005,36350
21897,35023
24414,39565
22829,30825
1917,34900
16754,28707
13993,36036
8169,29285
24280,34653
21468,31531
24307,30336
7556,32202
23327,29784
22090,34319
20427,37982
21690,37967
12348,32226
16760,30409
7680,35021
15201,33276
24906,30401
20409,33712
24801,34002
13892,31087
20523,31645
922,34893
9777,39076
23254,33897
13748,33145
26967,28573
10391,36131
34,37915
16599,30741
8151,30971
18119,33551
23871,38722
3788,32517
17292,27866
2637,35216
18933,32467
16355,28648
582,37260
26712,38513
14084,41319
4325,37454
16177,29576
10375,35331
5102,32615
24179,31048
23570,29715
19707,34765
20092,32140
27321,35494
17742,37257
11777,35940
20582,39226
7228,30164
18394,38424
17543,31372
9020,34634
8925,35573
17276,33443
14396,39605
24225,36276
21861,33783
25962,29433
2887,32459
22732,29903
16936,33405
1549,39188
22170,37797
594,32304
21682,35281
4095,31237
16889,29410
12216,33081
23873,38725
7788,32795
9646,37147
12243,33085
21288,39314
24593,35639
23429,30447
3016,31227
26924,29553
12955,31724
271,37244
22918,31041
22944,29550
22863,31790
25030,34010
8604,32839
25729,37196
15783,36727
26344,39679
18951,33597
20519,33720
22938,33858
26491,35449
18949,29124
7929,35076
4572,40806
5041,27737
11268,36997
2429,28287
15618,39182
13147,33115
15411,42270
167,28261
22674,37296
23409,31410
10864,30179
23008,42005
11936,37108
23585,33923
7984,31315
26996,34349
11523,27911
20997,33734
2161,33399
23768,35580
3049,29572
632,28717
18488,39799
11629,33042
1900,30128
16856,33397
2088,36846
17846,33521
9618,36476
24394,38745
12052,33054
3618,31759
11171,34995
19316,37559
21864,35154
13866,33159
13775,34870
6453,36153
3884,37710
1913,27969
355,37202
21721,33772
15004,35408
24950,36162
9574,39504
15966,27853
15838,36226
7381,36158
14977,37000
27212,30043
10265,38074
9710,32922
16603,30740
24997,33714
5418,39922
10886,28259
540,31727
14223,38368
12662,34705
12203,39444
2693,34650
7715,31197
15358,37426
7151,36940
21352,31685
16349,28414
4041,32541
22700,33843
12979,34961
8435,39880
23176,33887
16530,31223
22827,30825
12546,33100
6425,35568
16018,33320
1448,39196
23930,35659
15950,35663
4659,30624
3089,32473
23992,39666
22780,37766
2273,30375
10103,31321
18829,29562
25341,35794
3423,34219
13903,33166
17006,31233
9761,37233
6457,34453
8432,32827
17646,29373
17451,33469
6579,30646
7358,31691
20013,33690
11476,39452
13961,31850
24116,30769
22882,27740
10841,28435
9035,32863
13639,29063
6721,31721
6959,35912
15296,28181
7342,32161
18757,38878
9397,32896
13637,29063
23313,34448
12589,39412
7952,37909
24815,37937
14610,40027
4861,32596
6142,41151
17335,33456
24802,27810
16633,40005
11523,33017
9637,32920
8892,32852
25863,28273
8279,32824
20098,29101
5075,36829
1226,32344
19164,33625
20376,37069
3555,32497
24476,33977
5161,32625
23533,33915
27096,37889
6812,38749
17219,28321
23794,33930
407,28657
19700,27662
11625,33040
18711,39845
25576,34603
6232,37989
25285,36107
2340,30960
21000,39400
6119,28794
20098,28979
18530,37521
15933,38411
15264,33278
22093,30746
17597,31163
27022,34118
4662,30621
374,32209
15764,34374
15977,28073
11480,38728
10075,37086
148,32262
521,28995
16478,28834
18887,39990
25101,35077
8108,35266
23589,39150
13469,31052
12352,33095
27207,34136
1111,39586
5261,31191
5284,32637
23279,33902
20554,29542
17279,33444
10514,29971
18542,33572
11742,34639
25800,34043
14496,35509
27286,31230
1926,35168
9276,38209
6911,36169
3547,28984
23684,40008
10492,32955
26045,34069
18571,34724
11703,34393
5176,38575
11358,38688
23714,37395
7050,35010
22530,31148
13597,34447
15329,36263
17486,34912
22051,33786
819,38193
7823,39503
2044,31434
6772,31999
579,34403
22654,31017
27369,31858
27206,30107
1435,39839
19210,31469
10073,37089
83,32256
19103,28187
16400,39159
17704,28689
7580,39251
13621,35864
17423,36523
8734,30543
8429,31421
7739,35753
12982,35067
4720,28374
17597,33491
6613,35212
18806,36587
9657,32921
26733,34099
26740,28283
16615,33376
25349,35831
10752,38325
11629,33043
21256,33743
18146,34828
3733,32509
7101,32751
1847,41365
6091,32702
13812,28583
5625,36400
2359,32440
14186,31365
16911,29832
15442,37290
15071,30861
23163,29473
20283,30281
25213,36791
7225,38635
14595,39527
20048,37674
9439,36183
21262,38296
16837,29317
20032,39541
7899,34415
23429,30447
24788,37307
4739,32580
10268,38078
25950,34314
18119,33551
10409,36096
25477,36259
3019,37456
3603,37713
14740,31885
18519,38693
7012,35693
25638,34033
26067,28395
1939,34302
26007,35920
24894,30593
12588,39403
3924,35117
24535,28769
4793,36831
19415,37545
10911,31173
19426,38585
17999,36553
1944,36257
11523,33017
25447,28365
6751,30137
17636,38092
20748,31368
3020,37457
22940,38546
26816,36502
14018,33184
20215,41919
4950,28264
11530,41658
14970,39960
24386,33973
20038,33692
80,32254
24624,35643
17381,29884
16992,35469
14807,33250
3534,32495
13558,37079
24916,36521
25819,34046
226,28789
15873,38109
11024,36753
2450,28918
11969,33052
21154,35134
14438,37968
13685,30929
947,38330
22429,33824
6945,35721
13975,33175
1328,31265
13358,34516
3159,34812
4368,36296
19567,39246
21538,36795
12467,38299
26748,39642
4917,32604
18395,38425
20134,33696
15932,38410
27113,30067
24112,36306
24449,37168
1723,32381
9443,28004
7459,38423
11167,34998
2166,32421
23409,33909
19735,38885
10585,37933
20288,33701
7083,32750
16225,27826
26976,29002
16224,29958
8655,32061
6755,39148
9021,34635
11677,39615
3176,35970
9268,39092
26675,29269
26815,38303
3189,34495
13519,28769
844,32319
8780,29657
8254,32821
20006,35655
12483,39788
5160,32625
22257,40050
13504,31251
16350,42149
25447,28365
17916,29952
17511,33476
12971,34629
25883,38759
1894,32739
7104,32751
15702,38305
17184,33429
12164,33066
15069,30860
967,36833
26400,30838
16168,37876
18194,30091
26045,34069
17341,29887
246,32274
6969,35699
18276,29720
11225,34586
9312,35046
6570,39384
13879,32214
7935,36563
4206,38530
17926,33533
23378,37190
25216,34691
19224,38788
4906,37380
3013,31386
12252,38339
17286,33445
4861,32596
13173,33454
21274,29142
24575,37186
19264,33632
25086,39559
4466,38761
17199,33434
12957,34802
16705,33382
24590,35638
7681,35022
13491,33576
10067,27660
5223,27962
20451,34817
10174,32951
12018,30840
7514,27811
14007,27980
719,32371
23016,33868
19693,39805
23078,27958
22532,31142
5937,32690
16609,28098
7994,39602
11792,35858
20409,33712
21314,37914
14054,33193
1523,31803
2740,36355
16635,40006
26331,39461
15721,38033
25858,34052
12068,35713
26636,31120
17916,33528
19113,31726
12181,33069
22334,39209
12640,35064
16430,33350
24922,31238
12332,33092
5866,36115
14103,33198
4696,34428
12837,39997
4812,38702
5845,30240
17957,27749
25455,35239
27548,28383
22731,29903
3767,32511
2636,35215
17498,31108
12781,31374
20206,35396
17222,28055
8780,32847
2636,35216
14078,39068
26922,29553
15645,37431
19760,28623
23942,37142
17436,33464
6086,34820
3845,32538
24667,40020
6698,30726
6898,38113
11165,34465
20335,29795
199,30225
2359,28769
17047,38169
5112,29861
23209,31767
17202,33435
25079,34020
21491,35526
24876,28828
19482,29816
19695,38353
13041,34622
7238,32769
16600,30740
5834,32683
14676,38765
22985,33865
562,32298
18931,33595
25926,34059
10408,36103
5861,32686
21660,35351
22700,33844
5831,38494
6654,32096
23163,33884
6926,36051
23531,31713
3779,28080
12104,33063
9051,29471
5448,32654
23304,35040
6733,30139
3606,37714
21994,28961
9014,35522
14488,33228
8064,32810
20207,29999
19485,29816
11671,37215
16599,30741
20876,31382
25798,37171
3356,30220
4572,39888
8956,35604
12993,36852
21121,33742
10110,38604
15087,33271
7978,32804
25334,35152
9385,31351
11000,36368
10911,33502
27429,37208
252,29945
20523,33720
7514,32786
3754,34750
9725,38289
15069,33265
12830,36425
15773,35838
3375,31305
12590,31739
27613,37926
3205,29676
10654,28707
3525,38685
19512,33656
15587,30028
23507,38502
17469,35732
23904,33949
2637,35215
7909,39252
14497,28373
682,31034
7101,28705
9268,39092
56,29798
999,32052
22059,37633
169,37707
18825,37293
286,35607
24759,33995
5472,28670
175,31194
21408,34362
13904,31405
22530,31142
18264,28330
11563,36825
17117,38675
13504,33136
4456,32565
14942,30052
20437,38470
13464,37516
4911,37309
1480,32360
21600,28538
940,28241
18254,35600
1734,27694
8959,30722
13424,35597
20951,33849
21356,33758
19396,33650
24987,34811
12102,33062
9547,36295
6582,32719
6265,31352
21315,37916
15979,33316
17811,31635
27127,39487
3736,32381
13936,37538
22251,38603
24330,35476
13431,36944
6612,35211
12241,42329
6455,34450
166,37708
12055,32016
17184,31022
21490,36077
572,32302
13718,38859
3379,31304
10812,28481
1022,30395
1142,32336
17696,31173
15667,34786
14766,30097
13624,35848
10131,33546
2019,27930
6580,32720
7983,34195
6033,34919
3666,30803
11040,34320
22532,31148
10857,31773
20577,39944
1910,32399
15580,39333
23709,38517
19978,39877
6579,32719
25327,34971
21027,29964
12571,39167
8285,39200
6272,37418
4558,30047
9479,37894
6874,30591
26922,34105
11664,36312
2442,32443
7029,36083
10810,37095
2843,32755
25465,36611
17329,37036
14975,36999
11570,33030
2442,32443
10210,35030
12672,34543
24371,37804
26498,34086
10152,38793
18975,31579
13436,37792
17124,40035
10682,32974
19484,29819
15422,41825
3257,37587
22365,39985
17162,42291
16307,36636
16754,28709
4739,30313
5947,35463
17127,33420
8515,37096
4315,38954
19595,36740
17563,33486
2270,39578
2163,32418
27472,34168
24786,39765
7250,35419
4268,35341
12741,37726
22350,33818
22422,30327
10072,37085
1485,37911
21156,35136
11707,36151
923,34894
9307,37748
7238,32769
13456,36404
18787,33587
10332,35545
21989,30185
8174,32816
10488,37264
8050,36559
18343,33562
9265,32891
27501,30693
25634,39628
27618,34175
13519,33138
4347,30775
27543,34174
21086,39507
14634,38717
14395,39604
22501,33827
9537,38285
24759,33995
27296,30842
7867,37404
20908,33728
5945,35460
9755,28840
11632,37524
19787,28057
16755,33385
4067,39680
4679,34774
20878,31382
5198,36493
2695,38007
17034,36569
23531,31713
17,27647
19135,29033
27098,37890
12539,28437
15404,30330
6632,41796
2209,35685
17242,31675
2538,32453
6497,31547
16418,38542
8148,32814
2362,32440
693,30749
6767,32739
24998,34376
20629,38273
11987,35101
16069,31377
20538,39271
17655,41881
3321,36310
21259,33745
6074,27755
9855,31661
20708,39160
5166,29775
21196,36105
26364,34079
10113,30824
5260,37434
34,37915
2632,34490
27117,40040
3912,34280
12450,38892
14269,33213
21478,28725
15202,33274
20690,34202
21228,34337
17033,36570
3160,34812
12930,35915
19379,38763
7280,35310
13754,30145
9256,30759
6041,32692
25019,35323
15225,32108
990,38088
10300,35550
3998,27679
9835,38514
12677,34208
6732,30141
20875,30214
1306,36836
1885,32397
24224,38680
13524,37653
7672,36146
16684,28037
18279,29719
5853,38035
24813,37590
3840,30885
7786,32792
11680,39615
21671,31242
14066,29614
17070,29940
8219,37508
27009,34115
23579,33921
20207,29999
25117,34698
11571,37022
14398,39689
11317,36004
7469,34776
11553,27717
5043,32613
18287,38442
1945,35257
17237,34667
25474,36024
2479,30353
12083,39258
3051,38081
2042,32412
5716,32674
2838,39593
6916,35888
4867,37415
17130,28156
18682,33574
18364,28213
20413,37642
21409,35619
1918,34900
8069,30777
14682,38631
14066,33194
12334,40401
13064,36181
12749,39513
18340,33560
23794,30509
24707,37180
14685,38633
13702,28056
6348,32715
12773,30934
8063,32808
21275,29142
4389,37947
17269,37487
13237,36465
23047,39447
5845,30240
22777,37765
16894,39916
27542,30033
14895,35551
14699,33313
13376,35982
3276,32486
21193,36802
6810,38748
25209,36723
1808,30202
6278,32711
6230,39873
11738,36337
26430,29925
25078,38105
1228,29168
9417,27655
15935,33302
12771,38943
23979,37888
7067,35833
9714,40327
18239,38988
21354,33759
3809,32521
13116,35119
6895,37059
1467,41002
6613,35212
17470,35733
1836,39855
1805,28322
6497,32718
23502,38659
15686,37526
25296,36261
702,30790
21144,34619
15338,33283
18361,38782
14070,38790
7285,32313
16834,29317
12946,36216
3543,38223
19898,35800
22248,38600
10940,29325
4139,32545
278,30398
27247,34143
15030,39713
371,30232
1734,32388
25925,38537
12967,34760
20998,33735
12220,28433
6205,36962
6262,31352
16519,33365
23823,41284
18755,38877
11843,34601
16460,33354
10507,39561
14669,33240
17066,34942
1826,38149
27446,29158
3035,32467
9979,39120
26996,34349
13020,35532
2561,36843
4758,35149
5668,32670
16434,39552
11415,34573
1703,28143
17022,38554
3494,34593
15585,33297
15285,33281
25242,36921
27212,30042
9443,28004
13695,39515
20430,37591
20144,35424
16390,36428
15721,38033
18682,33575
5983,31902
5897,37664
8264,38698
26149,39466
13001,36868
1478,32357
10335,35971
987,32323
12647,36111
18704,28893
23477,38798
11155,34920
10886,33004
1102,38609
263,31593
8432,31421
27187,34130
19043,33609
18486,36180
21937,36339
24515,33983
13904,31405
19602,34730
16862,33398
10376,36130
5285,28390
7891,35871
11096,35082
16681,39470
8116,35899
18353,31421
21748,37063
18002,36555
278,32283
25962,29433
17110,33418
1451,39195
8708,31877
21217,36856
11014,34506
18822,37292
7674,36148
24539,33989
4691,36536
9863,29544
22254,40049
13838,33152
3936,34466
8361,35555
8175,31550
12999,34438
6529,33615
6612,35212
496,28175
21725,29877
23786,35313
23801,33933
15502,35132
25962,29436
3520,32494
20950,32327
16484,34839
27248,34143
25908,39526
19958,41141
19320,38356
11919,30243
11497,34913
3283,28449
1847,32396
14271,28546
11028,35145
10635,32967
13384,35465
14003,32923
7961,35865
9977,39117
8589,37693
23393,41127
1651,39202
4347,32562
4753,32584
375,32285
23346,38079
24675,39398
16600,30740
18279,29720
23085,35714
14324,33218
26247,37319
5957,37929
237,27733
19295,36688
27495,30994
11550,33029
11573,37025
11177,35611
14929,33127
9785,30781
22134,38712
4953,37698
24391,33976
17267,37486
23475,38795
27444,29158
10776,32237
15071,30860
16592,38093
20516,37987
5062,35979
7835,31460
21941,36332
3062,37374
27316,37160
4252,28788
9447,34515
3109,37608
2068,32417
27127,39491
3941,35816
24646,33992
24512,33981
15828,35292
11413,34571
8255,30262
9247,39026
6739,32736
16504,29865
1887,28767
7463,30090
24292,35475
8879,31275
15523,33287
27068,30039
3346,39401
366,32179
8713,28543
7913,35953
4622,35932
224,30608
15304,38925
22458,36414
14007,33179
9554,37423
24781,33997
12989,36128
12053,33054
8017,35755
17918,33529
19227,36097
6074,32699
9172,36430
20584,33723
8003,36348
26547,31119
16366,35389
19455,29227
14924,39884
1913,27969
8893,32854
25295,36260
1897,36737
6273,37417
20232,38608
5837,32705
10025,30931
22245,33816
25185,36352
23143,35410
17099,29291
15105,37834
5602,35703
7023,34525
19518,33658
21782,39660
2779,38269
13392,33126
23808,33937
1737,27767
11680,39619
27181,39048
26977,29002
6046,34474
14485,38246
19575,33666
24576,37183
2576,35232
9546,36294
26092,28375
13158,33118
14362,37645
7895,35631
17354,28589
20011,33690
25863,28273
7190,32765
9637,32917
3262,28387
22939,33859
5680,42287
20339,29960
23410,33910
5102,29869
14544,33238
10131,30265
10637,30828
6875,32744
3786,38387
16061,31021
17188,33433
10508,39509
27022,29663
16338,33341
1918,34901
17811,33510
9455,37045
26675,32103
14819,38125
7386,32772
6000,38866
6603,31243
3702,39828
18148,34943
10858,38949
20293,38916
12711,33104
17107,33415
16071,31378
3200,35350
20171,30142
6144,37723
22801,30009
22386,39255
3897,36660
5421,39924
11677,39619
12191,33075
11677,39615
5886,35832
5749,39381
9712,32922
4205,38529
5284,32637
19958,41141
20294,38922
20913,40701
9863,29544
3761,37668
17133,38063
13706,37372
6633,29077
26433,29926
12498,36416
8811,37702
24710,37941
26197,36923
14957,30983
25500,34865
17698,33503
5411,31714
8971,29349
10626,38893
5472,32658
21061,31425
3920,35182
13950,34903
4310,31187
11962,37493
9397,28714
10637,30828
11135,35898
11582,33035
7187,30953
10704,38594
9198,36953
17257,28048
17599,33492
25584,35055
23188,36059
24922,34007
1792,30362
18036,33540
12076,36907
11018,35080
24226,36272
10860,38951
19419,36928
17108,33416
19291,28407
14773,35514
14079,32010
9211,29472
12564,38641
7155,38803
20554,29542
2093,31725
8158,31442
18088,33549
18344,33560
27209,30042
20463,34798
27335,29709
673,37101
18095,31152
1958,38167
13103,34729
4944,28169
5220,32631
7224,38634
1543,37577
4698,36448
24669,29271
13777,29451
5329,32644
24476,33977
18696,33578
10047,32943
23801,30349
7451,31202
16882,37226
19052,33613
26745,28283
3788,30322
10217,35326
875,38850
7662,35112
8803,39775
14500,31428
12714,33105
26177,30682
13177,36976
10575,37121
5249,39519
1875,32397
2240,36157
18456,30697
14194,35500
12560,35749
21889,29654
15961,33309
5853,38035
25797,37170
22432,31055
18582,35877
20409,31719
13841,30387
22658,29768
14227,27786
18951,29124
22007,31624
16328,36452
18468,39100
24298,39219
2612,31748
26830,34102
18975,33604
702,30790
23176,29026
13122,34294
1995,38335
16116,32228
6813,34937
222,30608
23292,31694
22935,29555
27524,37882
11555,30437
24685,39285
23866,38563
369,27689
24983,35203
5666,29666
20843,37984
19066,31320
6548,29851
27499,30761
295,37451
5338,38982
24535,33987
6878,27875
24004,41568
17090,31893
17354,28589
9153,28391
3149,36093
25418,36152
22586,28146
10430,32952
2444,32445
4855,35395
6015,38778
16578,33367
19985,38743
22750,33848
25233,35609
18955,31782
17840,29505
23553,29077
17145,33427
17882,29748
7871,36912
14942,33258
16383,33347
20152,35372
14453,30665
5666,32669
25860,34052
2074,38199
14359,38448
18866,33594
14266,31217
21835,37017
16705,33382
9555,37265
24878,29613
25170,36720
21374,38505
7451,31211
16031,29928
22533,31138
25133,35849
21277,28154
20635,39023
18829,29562
11942,39709
22121,39415
1891,34523
6967,35697
19586,39277
13181,29519
18490,33566
18113,37315
15243,38871
404,38772
14058,29411
26729,37491
26698,34096
11147,35178
15264,33278
4913,32601
26141,35058
25385,34342
3347,39402
36,27703
14756,33800
1480,30763
6681,30132
9808,32097
6867,38085
12811,35358
3953,35875
21664,37692
6806,39237
20879,31385
17914,29952
19222,38787
10512,29971
20923,36467
9420,31285
14490,33231
13147,33115
8454,35667
9301,30773
16588,31869
25859,29810
15764,34374
3705,39835
18869,33593
1675,35367
19789,28071
17562,33487
27099,37891
16253,33335
2920,29864
23076,30214
16179,40937
27113,34124
15302,38924
3809,32521
1570,30958
25126,36179
25553,35319
10504,40816
11410,35161
7024,34524
3170,36230
14266,33210
8585,32836
4675,35304
17073,38059
4399,39667
16126,35430
11366,35173
1009,29175
24301,39738
15028,39712
7720,35225
4510,38463
19724,35445
3824,32530
10562,32962
20390,37424
10816,32992
9860,29544
10387,36189
24846,35417
23252,33896
1544,32525
2070,32416
17475,30342
18279,29717
18056,29015
16355,28652
11731,34953
5497,31353
17211,39223
24501,38643
1912,40060
4652,30622
25003,36171
12997,36218
14910,36934
2870,38280
3706,30299
24109,28234
7684,34726
6135,34595
14184,31365
15139,37285
27278,34146
8043,39072
941,28241
16765,31563
18260,35787
7024,34525
15526,37773
5107,30370
16862,27803
10989,35029
13054,36009
23250,33896
21031,35201
20282,37391
20176,38141
8458,32830
7651,35147
10913,29641
5613,30617
7115,36485
27317,31655
15876,37064
20916,39421
8282,32825
18977,31579
10492,30716
7518,37030
7752,36374
10222,34933
23033,41309
7434,38053
10627,38895
1845,27779
4595,31894
3740,34823
10146,36615
19172,36874
116,31193
24896,30606
2105,37005
903,35764
16958,33410
1846,27972
14334,36250
11580,33035
6120,28794
2235,32430
23780,30732
15878,37065
24210,34590
17700,35452
29,27912
7918,34390
27206,34136
13610,39991
8899,36616
25819,34047
3877,38545
5951,37729
1533,34788
80,29683
27546,28377
12674,34443
25988,37965
14079,33195
21380,38022
16265,37671
10431,32954
21627,39079
2071,38197
15087,31708
17913,33528
2067,32416
7396,36167
9996,32724
11551,33027
16302,34683
4284,29093
6933,34599
15545,32197
18672,36270
12824,36402
2396,28612
13730,29165
6622,36200
11161,35918
8835,30589
4572,39888
10229,34664
24389,28429
13519,33138
3160,34813
3781,28081
23114,33881
23131,36967
6062,32695
293,35052
13148,33115
13969,29881
20339,33703
3030,28270
7624,35097
2432,38058
13709,31873
27546,28377
13721,30727
11113,36683
26462,34085
5939,32691
21750,39945
16048,34686
3926,35118
22070,31629
3546,32496
13044,34626
8461,32830
16027,31018
2636,35215
4856,32592
5128,29589
4797,32588
3208,29676
6650,32726
2070,31293
12101,33062
20907,29917
20968,31808
2891,29103
25512,34867
22461,28950
27179,39047
22621,39042
14699,33313
10819,32988
27365,30124
24375,37808
23953,28135
3820,30293
21894,36032
9132,37054
27374,39234
21111,34346
16901,35361
10031,30998
11586,33038
9084,32877
12902,36279
17794,33509
11313,35378
11903,40004
1495,42060
8875,31768
17352,33460
20578,39943
6271,37416
16340,33341
12438,36571
21274,33747
25789,31468
12609,35599
17341,33457
8023,35996
4913,32603
9342,29512
14054,29410
6229,39872
3035,27951
25239,36919
6208,37964
17599,27815
27224,37583
7919,34392
742,34913
16353,29987
22657,33838
13504,33136
1986,31911
20466,34796
4723,36329
9042,37943
9704,30582
5894,37284
9135,39591
14713,37827
586,37896
12240,33084
23530,31713
10628,38894
2624,35249
6698,30726
11567,38132
1896,36736
13766,39114
562,30654
22530,31142
17493,31765
11267,37002
12344,35336
15052,35656
2813,36358
5645,29179
16478,33356
11580,28607
27202,40842
21639,38864
16462,29882
24800,34002
9869,38975
11821,36345
7715,32790
17206,28501
5103,29869
9863,32940
8052,36155
6633,32724
24584,34463
8394,30359
17188,33433
19762,33681
3944,34618
18204,28103
20953,33730
8033,39244
6051,28492
8117,35900
7547,29734
12411,37118
23755,37956
6499,31547
15963,33309
1723,32381
16354,37057
11818,35802
9710,32922
923,34893
17951,33535
25777,28211
14386,38186
12750,39514
14176,33203
6175,34028
21275,33747
5593,35231
20207,29612
9337,38254
21121,30783
25361,34254
5160,29743
19554,33661
2246,35748
4510,38465
27074,31866
15285,33281
27332,29707
27261,39651
4456,32565
1678,31127
4176,29848
9255,30759
12063,37917
1889,34627
26006,35919
21413,34370
5146,36935
21486,35137
23591,39153
25466,35738
14429,33223
8408,37139
8734,30543
1858,41112
8350,31038
7332,28752
8825,38490
6589,32721
22801,33851
14249,39807
4703,34669
25428,36074
24617,39590
11189,35171
5535,32663
23616,35719
21300,37596
6552,36302
16738,35316
14173,33203
438,37580
19589,39289
16412,38599
23878,37465
199,30225
3988,27711
5536,31028
6078,31180
13525,28941
9772,36301
25089,34873
5730,33173
12740,37725
6634,32724
5418,39922
11052,34792
16833,39107
9531,39397
5061,35978
17947,37016
10905,31282
13353,36236
19284,27854
7801,35184
246,32274
22077,33794
24759,30541
21237,36539
9567,34830
14664,38622
6934,34598
3374,39746
15610,33299
21505,38258
19210,33627
10492,32955
17099,29291
7740,35753
2396,28612
456,31415
2787,31111
22429,33824
8463,37206
7663,35778
7848,32801
7066,34761
2450,28918
1910,32399
10031,30998
25509,35325
4833,29303
23549,29077
24861,39315
27526,37884
6352,30768
20994,33734
3434,35739
27406,34161
9753,32930
23888,39057
17949,37115
13095,36691
4399,39667
3848,28772
14270,28038
6901,34956
2698,31968
19936,31438
24731,39563
25136,34806
23008,42004
22166,37793
18477,36557
3546,32496
21369,29030
19101,28182
1145,38726
3332,33700
20441,31393
17894,32082
4334,32560
14186,31365
3820,32527
13167,31490
23001,35647
18308,38852
27324,35496
5140,32622
10109,30836
5843,30240
26963,32983
13879,32214
21782,27811
2962,35567
1922,35121
135,37942
26209,38297
20788,35160
12273,38262
16142,33326
12264,30811
14251,39809
20510,33717
26830,29074
1508,31584
17696,33502
17598,31163
3605,37716
7583,38562
6676,37897
650,37549
19646,34917
619,37174
17453,30681
25331,34737
14668,38625
5229,28159
2057,35172
15285,29874
17578,31310
4141,41799
25558,34799
6978,35128
19805,33984
12220,33081
732,31123
12569,39166
16191,33329
3548,41482
5703,41066
7187,32764
423,32289
15161,39702
7953,36219
12543,31504
7433,38051
12533,28160
17840,33519
2837,39599
10054,36500
20204,29612
5410,32646
12804,36245
7943,38754
9840,32927
27574,29006
10154,37113
14555,31381
2205,34558
9977,39117
17634,38091
11629,28431
7894,35631
2887,29103
25598,39357
17201,32199
14500,33232
25924,38538
517,37214
27404,34161
79,32254
6850,42383
17341,33457
17889,35481
17632,37012
3206,31884
17113,37163
25848,34048
11412,35162
59,27688
14451,27669
9641,32920
14669,33240
26269,31201
9970,39095
10896,41255
11915,37049
5730,29446
4704,34663
13937,37541
15469,37557
4901,31753
12162,33065
22935,33858
1461,32186
11407,36011
3457,35538
3169,34932
26697,29901
6287,39537
13270,35420
3333,39908
15605,33298
20226,28447
6207,39215
21698,29985
18232,35548
21485,35137
402,38774
12823,36401
16466,37135
7086,39454
13639,29063
5713,32672
175,32265
1845,32394
23076,27958
22652,33835
535,27994
10785,28515
26067,34071
11271,33015
14279,35892
3763,28297
15668,34787
7519,30841
18489,39798
17288,33445
26444,35967
7741,34655
10108,32945
12555,30526
7739,35752
5910,34769
15006,35409
23960,36552
14661,40055
25415,34733
9785,32935
14943,36985
7678,35061
24303,36826
17866,35608
21470,31533
17884,38853
24408,37100
10789,29515
25526,34308
19336,29746
20842,37983
13559,37083
27422,34162
5686,36561
24110,28234
13880,33163
27326,37485
22804,33851
20428,37594
6161,39460
21260,31640
22073,33792
26614,29269
5127,32621
15778,32740
1508,32361
5330,31330
9641,32920
11022,34662
1806,32393
23404,28635
24796,34000
23765,35582
14168,34818
18869,33594
10456,36453
14259,28003
1847,32394
11973,28818
21154,35134
18490,28416
8835,30589
3945,34983
17688,33498
27065,34120
14843,33253
14699,28073
17205,28502
2678,32228
2873,38284
11765,35268
490,28945
16460,33354
24522,30412
6647,32726
26844,31118
24745,31959
15400,29804
26871,31850
24962,35189
17560,33486
21695,29983
13003,36869
25483,35238
24485,33979
16281,34532
1627,32369
7544,36496
14471,28673
941,32321
16979,41695
3729,34855
8823,38489
16430,33349
13866,33159
556,33806
23324,31930
7804,32796
19485,29817
950,37458
6591,29653
1155,27772
25450,36351
22313,30298
3101,27909
26670,28936
6068,33946
12742,40424
17453,33469
4917,29620
24604,29678
27404,31375
7228,32766
2702,27712
24447,37167
2315,37029
21780,27811
21344,33750
7657,36094
2784,32457
20146,36979
3537,42229
1894,32739
27437,34163
24688,35464
11281,39627
1097,37305
14473,39241
7480,32785
25224,36701
26697,34093
19294,28407
13596,34446
5220,29131
22351,33819
23488,36564
5122,31346
1203,31431
8757,27649
23060,28825
14876,28847
690,31891
3034,37683
4284,32556
13886,34794
6771,30321
25356,36253
26924,34105
17204,28497
10841,32993
597,38158
13443,35518
15141,37551
25525,35529
9035,30915
12178,33067
13373,36491
17114,35283
20359,33708
6125,37126
8880,27814
16639,31226
11713,33044
10786,28522
26965,34110
16895,39919
13699,36946
7478,31350
20290,35942
23890,39060
15743,34676
427,32291
7463,30090
9644,39718
16111,30549
23295,31696
21672,37282
26547,34087
22961,35194
4904,32599
784,30556
3809,28992
25447,34023
2610,31746
1183,31506
9314,30536
2124,38555
5126,32618
2580,34584
1685,28754
21114,33739
24391,33973
6093,32704
7549,29019
2349,39061
4672,35303
14925,28871
16027,31018
7979,27702
17883,33524
23285,34857
19348,39678
10637,32967
17502,33472
1436,39841
24849,34004
14237,29761
11583,28607
27119,36970
21181,35974
2151,37971
2169,32423
26019,28913
22452,37291
23409,31410
20017,31887
6989,34928
19552,37512
25025,35837
16506,29865
20099,28979
15935,33302
22588,28155
15071,30860
6936,36064
9035,32863
22261,35470
20905,33728
56,32251
13613,36022
1584,32366
6350,30765
26284,38733
17107,28526
11180,34464
7723,34612
26505,38013
367,32179
10142,39542
1013,29171
4850,30055
24221,38678
11263,36175
14389,38896
14265,31217
17855,28093
5216,34851
25030,34013
9714,27774
26151,39467
24677,39399
11857,28769
8883,31274
9786,32935
19520,33659
6589,32721
27247,29533
1008,29168
10174,29591
6278,32711
3654,38757
14844,33252
11815,34503
22985,33865
16684,33101
26864,31842
20059,39633
12624,35354
9395,27795
1703,32373
18598,34682
18049,35645
18212,34878
24320,34298
21945,35036
23114,33881
10654,32969
23588,31508
16191,31167
11582,28607
3777,28073
13007,36850
15319,38581
15404,33286
27101,37892
25095,35071
20389,29455
9649,37148
20230,38607
15113,39090
7435,38054
4554,35931
17016,33413
27384,36862
22460,28947
15200,31511
16634,29258
4139,32545
16142,33326
23442,38259
13127,35210
23623,36481
3788,29047
12432,37357
4121,30847
4657,39362
21782,33779
9702,31838
361,38348
1847,27779
18359,38781
4538,31883
16463,33355
14541,33238
4710,36471
6812,38749
11596,31065
246,29945
19760,33678
24963,35191
26069,34071
13708,31873
22534,31153
17018,28189
20782,37571
23020,36950
20943,34582
3148,36092
24082,37703
25358,36806
17951,33535
4856,30055
14324,33218
11857,31071
16493,32201
26244,37316
9595,36990
14624,39704
8188,32820
26632,35640
11549,33027
11297,36043
13096,35547
10290,36758
14544,33234
23857,33938
3088,40946
9673,37273
13629,37474
11357,38689
9268,39094
22181,27807
16851,33396
16831,39106
18344,30172
5500,29395
26702,34097
18745,35398
21292,39566
18054,29018
18512,30667
528,29245
952,37340
9187,35492
15306,38588
9422,31288
16338,33341
18949,33597
27539,30054
13892,31087
6805,30381
15863,39502
6659,38889
26246,37326
2541,28307
11625,33040
27333,29712
13981,35275
5841,38482
23858,29358
11075,36357
1324,27805
15200,31514
21992,33784
27131,39496
26260,32068
1384,39758
986,30198
12352,33095
3534,32495
22682,33840
14761,29021
19700,29151
15106,37835
4279,29401
23847,28348
3174,35969
22918,33854
9031,32861
6130,34935
27225,37585
4717,36525
1032,31128
15656,38946
17006,31233
3777,32667
13589,29435
15321,38583
11583,33037
17914,33525
20283,30281
14189,39270
11689,36382
16529,37250
14756,28110
23630,34924
14385,38185
5248,28276
23850,28364
25414,36026
24513,29770
24373,37804
23252,30864
22944,33861
9640,32919
19860,38458
4629,30739
8778,32847
7175,29772
11542,30968
18036,31749
3412,35243
16603,30758
13963,38481
6686,39694
8647,40580
9021,34635
2921,37220
23886,39327
22533,31142
16846,33395
18601,35535
14598,39529
17109,33416
22026,40523
18490,28416
27578,37833
19697,38354
25557,34570
11814,35179
22074,31629
9565,34856
5130,39359
23441,38259
8880,31267
5246,39518
12769,38936
79,29683
6618,34803
20955,33730
6494,29704
2698,31964
8063,32809
5323,32643
15525,37772
10490,31860
11017,34508
9149,37368
24391,28429
12743,29452
15792,36712
7804,32796
16578,30514
3988,27711
20695,36054
4624,35935
7134,37779
17338,38294
4458,32568
12550,33103
5422,30317
14756,33800
19588,39287
17551,33483
16144,30023
23889,39059
7004,35797
26782,39792
6904,35650
16131,31554
22661,27666
11966,35252
2908,29185
7708,36628
14711,37821
14090,35111
345,27714
2483,28409
937,30176
16846,33395
10685,30452
25492,36775
2449,32447
7333,40750
17266,31303
19490,39856
9648,37152
22965,35441
278,30398
15301,28188
4312,38952
14258,28003
15961,27843
7661,35112
10770,38909
9033,30915
23300,34941
10380,34565
7845,39012
13704,39227
6731,30137
20145,36979
26389,37067
5420,39923
12952,36126
6547,32177
19856,38025
22533,31147
12188,33073
1680,35282
10706,38308
11709,34940
1071,39981
21890,29060
13996,36037
22985,28391
19311,33643
11139,36726
19512,28103
7298,30300
27029,38019
20275,34633
14944,36987
3201,29676
2089,36818
11870,31897
1912,40059
14173,33203
24317,39621
9196,38049
24616,39589
5857,36952
12495,36314
4741,31544
27248,34143
23758,38156
17275,37043
6085,34819
16285,35327
82,27792
4971,31603
1204,38135
12316,33090
13596,34446
10514,29971
513,37330
54,29665
24018,33956
21221,35025
25097,34875
2755,29360
27332,29707
17936,34886
6679,30129
2037,32405
16007,37358
7978,32804
8528,36898
14237,29755
18785,38821
2581,35174
16069,31377
14428,33223
231,36960
21139,36451
409,30261
25819,31392
38,27758
9033,32863
18231,33556
4284,32556
15134,35954
11897,33048
23898,33942
16437,37615
1855,38496
14433,33224
7980,35916
13900,31405
21202,35977
25611,39601
16990,31426
12666,34181
14010,28232
19287,27854
7032,36084
17186,31022
11825,36188
2062,34959
13790,36316
68,38413
24957,35012
15181,31306
2721,28341
17898,32123
17186,33429
14214,40003
24464,39465
27278,34147
16080,38627
11087,36681
7478,32782
4331,32560
8042,38929
9265,30721
26625,35583
19485,29817
16245,37828
21582,36081
7028,36082
11608,39006
8679,32089
15879,37066
10776,32235
88,32258
17844,32086
5323,32642
13040,34625
26195,30776
14451,27677
4310,31187
25235,36714
15470,37558
1527,37009
17457,35904
16843,35497
296,37453
9641,32917
19317,37560
15440,37288
10211,35031
8565,37403
6474,32802
17578,33488
26426,39881
5321,38123
18110,34670
23916,40613
5628,36415
24535,33987
27444,34166
27116,40038
17411,35444
26045,30255
17335,33456
14493,28370
8175,31550
500,32885
19377,31716
17292,33449
26337,38879
18779,28966
13151,39014
10325,36793
18036,31754
17127,28156
20035,33692
17106,33415
16137,37631
16386,32126
20519,31645
7547,29736
3378,31308
17016,33413
2743,39376
6484,30737
7916,35952
9673,37275
3964,39249
13599,36664
23130,36966
83,32256
14260,28003
3278,27906
9270,39092
11582,28607
25240,36922
9838,38948
24426,37677
7753,36375
5113,29862
2183,30780
13984,35181
9856,31666
9858,31671
16171,37529
25747,38334
23072,27958
11246,35686
21352,33756
19058,33620
7390,34437
23379,31760
8709,32843
24184,33963
17882,33524
19657,33672
16506,33358
5695,38842
5329,31330
15666,34785
23893,29198
3347,41776
8663,33838
6665,34631
6140,41991
11836,40997
10433,35463
22170,29480
12611,39055
14676,38841
27337,34730
3212,30877
4219,34375
26954,37473
20545,34148
19558,32258
7064,28274
1845,42324
21497,32149
13873,34334
4014,40953
20636,37840
23718,34531
23460,37504
9815,30028
5860,35113
6931,42228
3038,37775
12776,33393
6662,36249
11924,35667
13434,31929
23280,42356
15067,37510
8900,29332
23117,36283
3850,40289
9672,35142
26265,31706
20613,35799
722,33564
6521,35888
4227,38482
26033,32764
19917,41879
4207,38643
2045,34907
13599,39693
14753,38662
18434,32077
26851,31103
10825,31082
26587,33266
6092,28889
7038,28132
24113,41997
15876,41019
23756,38473
15950,40334
10130,34649
26375,35295
13594,34244
13168,37344
25560,41559
19358,33384
12442,31345
16106,32121
7458,35586
14254,35688
6415,28347
16615,29002
17979,41595
17649,31951
25104,41324
23978,33073
5487,37289
10863,31712
18620,32701
5107,38504
26490,36908
16893,33431
5038,35730
14328,39981
27035,29152
3234,30060
21649,34441
18644,32033
4088,30051
9453,37140
12071,29059
19451,28683
15061,38345
21530,33203
20699,28769
27481,28915
25954,30422
10720,36276
22846,31402
8794,31643
14696,34657
10018,39271
7792,29068
19839,39177
4428,36285
5650,32288
621,28740
5677,42397
20045,39639
725,32905
4901,35944
7232,31768
8785,38419
659,30200
15039,39627
20878,37012
7724,38986
22582,40466
1338,39932
13196,32840
14911,39870
13900,39672
13586,37284
21681,41370
4656,39651
10731,28898
4535,36136
9845,34092
22271,40674
11823,32613
18548,40803
1235,40255
14974,33204
23725,28961
9391,42276
21911,42222
15335,41584
26328,35873
16941,30200
825,37088
11512,28333
25304,39579
19081,34709
8732,28550
16892,36585
22400,31841
11568,28567
14151,28899
2325,39700
13731,30847
25854,30870
12327,28360
15213,29773
9635,28180
7428,41854
5763,31824
19477,39726
27054,34401
14035,31503
511,31270
24001,29198
2501,32334
26430,32870
11941,29633
16168,29630
5506,33041
15763,34358
20183,28640
13408,33568
23501,33050
15041,36090
18548,34317
8916,37063
6187,33940
26834,31282
2992,34627
9243,31517
26744,28838
9046,30092
7191,30380
7280,30993
2178,38463
16562,38789
9661,41407
27007,39847
2782,39019
7097,37870
10667,33004
5536,29124
5402,33822
6281,34172
5642,36648
3173,39830
14882,29725
8232,35503
17592,40957
264,35611
3627,37573
18170,30711
18612,36136
10725,30023
7291,38176
15140,40342
26186,40368
24483,30468
2039,34779
26411,41991
13953,42028
10636,36672
22078,40340
15853,41822
13930,41475
9940,27941
7241,30657
18117,28274
4538,35945
15982,30727
17859,32740
7040,37411
8786,33792
26714,39170
27469,34997
26275,42089
5300,28063
9061,30329
8655,38087
1018,30826
20875,41867
27614,33737
17427,30740
4021,33623
21451,31839
5203,31038
13748,27822
27481,39811
13577,39082
17196,32356
10918,34196
18635,39584
14344,38773
21520,28634
2655,27764
3363,27907
13408,35130
22571,31120
3499,27703
2095,35467
10321,40901
17527,37392
20818,38408
15175,41807
13447,33584
210,34038
1143,34876
13784,32994
4083,39200
21948,31140
17053,42036
23333,36650
5309,39941
7854,30303
25656,34711
25285,32362
24174,36901
558,41687
20404,38108
563,39812
15008,36144
2817,40974
21447,39941
19073,28553
8809,41953
14793,32923
21770,37970
5167,32009
24785,32556
18421,31788
17951,37740
7223,38215
22064,36720
9626,28440
22377,37756
5316,39225
13662,33153
18596,35376
13769,28801
6805,35070
27376,39139
21584,30405
2579,28734
14596,36080
22236,28820
1736,29069
4403,33580
5392,36235
2050,40383
3270,29117
317,29919
6115,39874
17770,35604
27033,41986
6969,31864
14237,27689
12488,36006
20093,31133
21285,41647
7661,40260
25367,42340
25002,41962
21032,37451
16004,40959
10075,34340
4374,35786
3235,33859
22590,39004
5900,34721
2289,36418
7115,38870
1135,31616
8202,31926
1244,35808
21317,29199
16963,33550
25590,34593
23001,38336
7767,36167
3900,30259
25350,40457
1371,31334
14002,33048
19433,29696
18665,29322
16162,37536
3610,31049
8366,28774
27140,33541
6495,30557
16915,34577
23090,40840
8853,38100
1855,29036
11446,37345
15615,40976
20146,35890
24679,32888
15958,41120
12728,31719
20502,41148
4138,39078
8389,35265
25560,30820
17526,28412
21690,38204
1109,34884
7855,39544
2821,32158
11852,39238
14187,29466
18182,40731
21557,29648
9936,38637
25291,35752
2443,31290
2127,40198
13204,30985
22287,41826
3033,37578
22934,35346
6089,35940
14358,32580
11830,42040
4755,28449
7352,38140
25982,39868
901,31534
7418,31597
21978,36986
3846,40852
14460,37030
24178,38932
2580,38156
5432,27886
21806,28266
6932,35262
22335,42356
21274,31217
23288,29401
19349,36635
1666,37119
1245,42113
21662,27826
17162,37930
8836,33668
14571,28518
23636,35445
20626,30687
10100,39470
22095,38904
18606,28765
14562,41705
13728,36153
23339,40541
3845,41933
7353,40762
26511,41287
23790,36756
16519,32365
23457,37370
2519,31888
22791,32135
16421,27945
5500,31950
5605,32191
9630,40794
8392,40445
1034,39687
2135,34274
18321,28658
2073,37293
8952,31714
2819,30374
8247,39985
1831,35289
13365,35050
20584,33709
17374,30692
5574,39497
10252,29884
8675,39201
17972,41958
2506,39111
13128,40205
21729,39655
1625,31365
24443,29062
14784,32600
12604,37125
5844,28849
8110,37825
19457,41284
19349,31788
11347,31778
26829,39408
17547,37813
19598,39016
292,30546
12524,38654
3021,32121
22175,29002
8605,28435
27576,39307
24731,40995
9874,32540
12583,31070
13974,29161
9423,29400
25178,30740
27019,38742
1590,27685
23368,40252
17645,35690
8939,28707
18074,41326
455,28664
2345,31931
24952,39264
14870,38753
22545,41464
5125,31742
8585,29364
23602,37803
4639,36620
25671,34751
20851,39077
23348,39779
26958,33936
74,37186
27286,32987
295,35814
20620,30841
9855,32026
4794,30070
10560,40201
990,34658
24127,33292
20763,35767
4812,31246
22613,29397
17703,33679
6388,42014
6153,32055
23393,30743
3311,34017
3077,37615
20577,39335
13203,37767
20017,40125
25609,29601
20952,31520
20926,36066
6642,38212
24932,34897
1102,35357
9253,37567
24983,37521
10670,38415
27080,38446
25290,30804
19379,41770
26008,41854
17731,40746
18610,30596
5322,32328
916,39766
17759,35109
21438,28790
1875,29708
1422,27670
19196,32754
10712,34202
16828,32099
9631,38333
7786,30940
14025,32331
24139,33434
25486,30634
21336,32965
18485,38914
19909,39334
7490,41498
8963,28230
21375,40013
19063,40853
142,32341
1949,29726
15894,36959
25428,29535
7817,36419
4599,39867
16479,33184
17002,33574
3374,41022
14900,28107
4462,29167
8033,34431
6657,32669
17751,35654
10470,28990
14495,30920
17538,32251
21001,28990
3406,36758
17997,29013
18816,41988
12168,39963
23990,40131
1641,40167
19615,37257
13556,37811
25292,41417
17086,41881
6765,30752
1634,40922
19012,41488
23467,37842
18022,34378
11023,40529
20248,38768
2161,29303
5001,40257
26555,36219
18620,33722
7035,33883
4734,38464
27369,39469
19661,42154
3165,32195
7997,40599
23734,30266
17335,29233
2824,37532
5556,37349
8876,41399
16033,40881
2437,41386
17920,30761
21867,40779
1520,33906
4516,33716
4991,36675
11952,30860
27603,29143
21828,33481
24476,36733
25119,32564
15970,30432
12526,32259
8474,36746
17789,31186
970,36456
26839,35368
13056,33188
10281,41202
6110,28228
22555,32340
21256,31129
26615,34750
11734,37349
22437,41187
15830,28956
21099,38393
962,29656
4177,35223
25718,30169
10750,36235
18316,35114
12828,37263
23749,37302
13107,32255
5003,38162
15134,35281
19069,35220
7509,38931
16616,39950
25240,34401
110,41938
486,36623
20379,40244
15168,37004
12976,41927
11947,41648
22182,38308
3047,34014
633,28878
12166,31492
4793,37650
26939,27680
9155,38673
15860,37250
17622,30405
3905,37873
668,39869
17690,30139
12608,36471
7259,38333
14323,38000
14033,32364
12713,40544
14503,40477
4949,32629
8701,36655
14314,41858
16625,28320
15422,32014
13469,41484
620,35999
13659,37948
8161,27821
14344,29578
15001,41201
21878,39664
20873,40344
12571,30781
270,41919
5150,37892
26064,34871
24943,29532
20537,31261
18024,28043
1317,29596
22705,36672
3752,34243
4548,28522
9532,33751
26851,33794
749,33978
8071,34617
25907,33821
9900,36394
6355,29831
15321,33507
25949,34100
19481,30848
24878,35029
4607,35436
11793,42317
17392,32456
21951,35327
18554,27775
17942,35238
26879,37867
12974,32949
7019,30495
5874,30902
1277,35147
5593,36638
17708,41902
17144,33927
25357,40055
3669,40597
25095,40584
4261,34694
9774,39215
19534,39992
22116,41939
16497,35207
2057,40834
2623,40365
22844,28430
18787,31420
6029,28573
779,36190
20159,31533
1894,31031
9566,35621
17281,28531
8138,37462
16535,36231
18120,30816
19882,27795
3743,35379
17496,40060
21584,42338
25003,36825
15590,36350
12108,36305
3610,28531
8533,28504
3538,32641
13750,40305
25867,30979
12428,34268
15665,33853
23613,37722
22301,28527
24536,29618
11230,37904
2533,30925
12955,27933
23271,36665
22328,37141
5081,41779
12676,27705
7683,39771
17636,30327
6305,41016
19947,34990
2683,36388
20647,41557
19283,29975
22617,38753
12480,28468
9961,28055
2942,35566
1918,31385
6760,39801
1363,38494
22988,35071
13645,33736
22231,40286
6084,33688
23672,37075
9348,41345
5626,36266
9075,34200
3675,32014
15766,41096
8470,32508
21016,32038
8250,30636
6134,40571
25095,27704
18016,39545
601,27823
15744,42192
21762,42295
24647,29264
15818,30038
24563,34609
15486,33080
9040,35882
4873,36896
13404,29966
2013,37113
6437,34048
8519,35599
16986,28882
21962,38901
11720,36256
22626,38637
24999,38076
5625,37201
14490,35068
19054,29965
2663,33080
20341,33262
6849,34181
20327,35411
7501,39095
14012,35813
19670,29645
764,32407
3633,41108
3222,29979
7323,40670
267,42330
13185,39831
18873,37047
9042,30156
26034,33965
13823,33477
15774,35105
22002,27954
21298,39651
22108,37421
26128,33660
19076,39825
19509,37649
1348,41636
25281,28226
26720,29282
18286,32264
7707,41709
21807,31858
23400,34782
17024,41632
3616,33005
4027,34340
7313,33427
3191,32168
19675,36679
24927,29062
11274,36962
22056,37796
13799,33523
21835,31957
24446,42371
18569,42116
6409,32709
2753,42236
25814,27741
9732,36379
18395,39183
4658,38991
19060,33425
22861,32540
7882,31734
14187,29252
15833,37623
18936,34041
26385,32089
12177,36639
26436,36484
23320,34217
15993,32933
11666,31209
9859,37671
24299,35359
19338,35875
24832,38826
10520,41336
1433,28057
8202,34172
19529,39845
19665,31841
10195,28656
17472,40414
2588,41195
18872,37623
3953,42076
217,31776
13123,29048
12096,41978
18200,38091
1458,32218
21185,30686
15179,35384
19359,27677
24471,27843
10483,31009
2452,38449
14578,29513
18975,39325
6215,29762
25758,35417
17942,32115
13051,32209
8970,33151
25205,35441
26159,40926
10944,34813
12213,29922
11555,38069
6912,29979
24305,29662
13992,41513
5434,32520
12415,28059
23714,28312
17608,38191
21081,36454
20237,31616
7291,37074
24276,38704
15748,28270
22731,41631
1331,39588
20506,32693
5612,41958
15276,31605
22363,29808
2139,33487
11881,38481
21125,39077
22860,39599
3710,28501
2483,33470
5319,33585
21839,34738
19453,36930
11723,40243
16068,32162
21864,38915
4227,38596
9800,35837
23168,32928
3950,36007
23693,29724
1710,29056
10183,40771
14329,37202
19289,38731
3590,30460
27114,36966
24776,31934
26930,30189
4922,41253
21586,35348
12328,29302
16658,33311
15654,35519
14234,39640
5125,39631
9386,29065
16437,30159
5519,34057
11772,31956
16886,37196
17479,30315
19206,37231
3505,41037
18073,39363
19389,31832
6727,40349
1724,33875
12880,31179
11625,37468
13850,31297
21018,36038
5546,31097
25603,36551
24724,34525
9,38432
13483,28200
1927,33665
12616,32092
8184,36892
27416,34610
19465,28300
21190,39792
10537,31071
6790,39979
17280,33656
26765,41359
21595,30258
2006,30724
516,38715
4217,29435
6547,39607
123,40214
6209,33724
19519,36858
26654,29265
19893,39006
24828,42296
17768,40417
19331,28520
6684,34961
13225,40707
15078,31217
23434,36704
19732,28758
3380,33948
2254,41817
25498,35706
4724,29153
27022,39013
17734,37643
22595,29805
8678,36040
890,34789
17403,39502
15196,28044
4250,27786
24732,37430
8566,30644
9526,28171
18195,37912
2816,42246
19137,30177
18599,34038
20367,29889
17372,27794
9258,29206
13918,32496
25071,27741
25729,34614
26187,31275
25591,36830
23214,35622
7237,30823
15601,32421
10885,31279
7104,36483
8460,31590
12175,34738
13668,34101
18345,31840
21356,41467
13475,27960
19624,34157
1500,38447
21114,41236
23990,36032
9853,31384
2751,28191
6938,36908
1930,30603
26088,36453
10628,41951
14824,40687
11635,31833
5049,42056
10646,38181
7089,28712
12881,28786
20621,42085
20162,29047
18340,34045
991,34664
10311,34893
3255,39933
8333,36421
4140,40677
26849,37291
26587,40857
14221,40966
6580,38669
9421,34015
14179,36948
10119,39899
16623,40968
1643,32196
23022,38359
7324,32368
21848,35702
20485,33190
12036,36109
5652,28476
9639,35171
13224,37273
12926,28936
6709,36842
9493,40307
13059,30630
17225,34374
1886,27729
26921,39914
2852,31423
14115,28349
10612,28061
17364,29147
24897,30302
27284,37206
7234,28493
2559,37138
6877,35971
21794,35849
20365,31893
1063,31444
409,31104
27000,35506
25162,38874
14029,29788
6328,40296
9878,33612
15831,38103
11721,40476
21138,40058
12869,37222
17851,28857
2504,38276
10197,33518
27369,36076
18155,41555
647,41801
8316,36848
9822,33464
6754,33394
19565,36103
20987,42338
8280,29035
20044,33780
727,35171
4618,32365
26824,34982
22490,37316
4115,37902
6260,38889
4555,36355
16064,36039
26465,34435
21072,30983
14733,37947
9124,41829
14881,30254
21045,35225
12380,29818
13502,35620
19924,30371
27168,41824
9223,37814
17469,34735
267,31582
4818,36387
13062,34843
2748,40650
23489,41619
1510,34646
6595,39671
14043,28644
1826,33771
20574,31480
22249,35515
13032,27844
1509,30238
17171,37211
17112,38915
10605,34866
3421,42311
20099,40120
3470,37192
16532,34652
20297,34686
23943,28579
19830,34242
5244,35400
19507,31872
21641,41422
19410,41578
20502,32860
6772,27865
11879,35894
13720,30380
4359,37098
20641,30928
540,41489
1534,39842
2099,40032
6112,39737
13932,30482
18281,41162
10330,41013
13687,28269
4716,30861
5248,29481
17841,30081
18966,37680
20240,40882
14228,33271
5814,40591
9452,35868
13139,36697
21730,36712
15392,30926
22381,31199
19612,29595
20927,40527
5895,30994
12714,33831
533,35100
16173,32526
26570,39956
23806,34061
10493,28229
7442,30622
1074,35600
1895,32853
7106,32801
6028,38819
2962,38967
10048,30396
13720,34577
16095,41010
12698,29227
19718,37307
13442,32812
1640,31725
8542,37157
12324,40877
12299,35943
23949,39339
24825,34968
17047,29872
12187,30937
21292,35700
27399,41869
22763,28323
10216,34297
16456,31799
7886,29383
3040,37719
7291,34762
5733,28025
1842,32640
5758,34553
3607,33505
1736,41078
9717,42321
14838,32838
11127,31613
20960,33678
19371,29414
22256,41063
23062,38975
8422,28920
19912,32752
10029,33571
12303,31475
8399,41756
26582,38459
23839,35670
5821,32540
12569,41762
17240,28048
26400,34906
26865,37148
484,41545
2097,40921
13866,41104
7095,37419
22825,41222
17758,29323
570,38810
8736,38070
19838,33373
20449,34127
5512,32013
21816,28735
6300,36540
5136,30587
16836,42364
4179,42016
15019,28949
13730,36413
10468,35718
25181,28939
16882,32654
11538,33210
9884,40668
853,40650
9003,40142
13960,32638
15774,37539
2187,30418
21999,30047
6974,31631
17299,35471
22144,39871
12335,41530
4142,40993
6163,39880
22876,33604
16009,36141
16339,28066
21374,34544
26405,41352
12664,35581
13437,35154
22335,41167
19045,40971
1150,31185
9721,31970
5426,28761
12055,38741
13735,29420
20969,33163
11251,35856
27237,30821
13940,40711
9960,32528
21873,40799
10512,36934
18633,40810
11697,36960
4276,42082
18721,35245
25562,30428
15381,28596
2873,38756
24853,30686
26378,34494
20741,41740
17394,38651
12042,37198
18850,27840
2038,29694
11704,28396
20254,36261
5358,30154
16467,41113
12303,33116
5942,40263
16165,33200
15236,34272
4667,28137
9942,40979
2758,33216
3120,41626
14361,38825
22007,33940
19666,40463
10593,36670
116,30184
23689,36458
14778,41789
15762,29826
11263,28978
18650,38741
16074,31057
9656,35111
27205,30209
6921,37576
23734,28768
23,39755
9951,38718
11708,28411
13408,38615
11507,32912
12469,32306
25257,36528
9540,31919
13428,33765
13440,31829
2754,39782
8176,40500
2388,36299
7136,28085
26316,28766
16419,39298
15653,28313
26851,39441
4159,34165
14617,35706
2526,35688
20847,33952
4527,34917
796,33400
9628,29958
8360,34260
9149,28322
14617,40940
27149,33530
7558,38558
11678,34199
27412,39784
3608,36798
11138,31741
21996,35865
4734,28378
2183,28553
5431,31219
10647,35217
23841,30144
24368,38414
13772,33153
7596,36331
8403,35286
27209,36346
11453,42340
6540,32016
16463,35037
26684,30668
14235,35222
491,38130
20048,29010
26790,36232
26787,35683
18424,37364
12364,36029
6271,37645
3886,31022
20575,39133
7321,41569
19597,29735
1730,30305
18326,29276
10239,32513
15119,30427
19550,27978
17698,34436
5641,32380
10224,40990
1843,28197
13557,38430
4705,34496
3218,38461
8839,29351
23809,40055
17127,33906
26138,34214
7323,28100
19109,33801
4767,34606
22687,41830
18703,34384
7294,41455
20285,39978
16524,34126
9676,33175
11213,32208
5505,27781
19763,40139
21790,33724
12181,36847
9687,37315
9120,42030
5443,41329
14306,37630
14146,35586
8210,30985
21670,28959
595,36424
8937,41944
4510,36612
17744,34427
13226,34387
17299,36255
20670,33344
16010,38703
20182,30589
23965,31503
10958,35873
7217,34064
7910,41814
7854,34332
6202,37904
1315,27738
11505,42397
4041,36728
6700,35630
6293,34763
3546,34077
13942,37734
4584,36428
10921,40579
22756,29004
10259,31352
4982,38194
23495,35273
3772,41752
523,33578
2154,37725
26344,31059
23127,31831
9237,34535
23759,31245
23225,42163
3544,28200
13425,30852
21415,32152
4240,34114
3488,40124
20246,31175
22140,41232
9913,31333
10600,40173
17660,34080
4450,35602
24678,38186
2948,27689
11833,31754
27089,39409
25200,29294
19049,27940
25489,38060
8343,34371
25194,29941
16278,37636
23197,39585
24173,31958
10929,41880
19262,31739
13137,39882
9658,33322
11453,30761
8938,29179
7676,29522
17485,29475
2093,40408
3358,32084
18338,28320
4360,30839
772,41007
26799,36904
18690,36353
5331,30632
20801,28468
24039,33180
22614,29713
25010,39025
13948,31186
15782,33186
7629,37205
1365,38210
26411,40946
24245,32435
16512,33292
15651,34684
19474,40160
7101,29041
21945,40762
20961,37295
12992,32492
18799,37807
7176,33699
11430,38312
2268,34746
7646,34941
25497,40946
18538,37181
12732,33271
24089,38761
24986,37345
26557,35421
13309,35937
11978,30512
15727,33794
2067,30126
13805,34105
16349,37690
10060,31439
9665,33828
14074,32506
27353,35348
17487,32800
18669,39043
27233,41242
9455,33317
16883,40236
21627,29967
19440,36103
16415,35596
11056,40749
7020,35515
10664,39025
3566,38329
5979,35974
8265,32064
16811,29308
14395,38615
5673,36135
20091,28056
8362,34065
8477,35721
20802,29128
11490,39837
5139,34589
9646,37304
2956,31442
3763,31549
20050,34836
21070,32802
8255,31596
548,27968
19064,30846
1354,34865
11097,36025
6302,42377
21040,39638
25845,34822
3992,29853
15041,36400
11881,41322
6437,35856
8060,40851
8521,33610
18768,33444
12203,36537
26302,31018
18466,41302
27061,37040
13004,41825
511,33258
2092,29766
17970,35785
2059,29575
25423,40062
9198,35725
1590,39218
207,35690
5231,31044
14522,29404
18585,39037
16481,38176
9623,41273
3,32962
9934,36871
24428,29102
1504,34591
453,39405
23304,33111
15699,30161
26809,39039
13471,40507
10548,28413
5950,32191
21437,33017
7626,31816
23674,35108
22261,33941
6203,34640
7745,29790
13509,29350
3807,31332
5268,34559
24407,33281
11327,31347
18545,28885
20755,41328
12345,40396
16705,38462
22679,40218
19533,35866
5022,28345
2454,38908
9283,36683
16829,30500
19442,37496
27241,39291
12967,37113
17336,36918
5469,33066
11545,36389
8901,30572
1045,37695
17998,33523
10804,27762
18814,30162
14929,41493
16795,36609
7038,36739
11686,37593
3260,29931
6707,40510
4188,33559
18547,33306
16466,28441
17687,33222
10598,28262
13996,40426
989,41296
27581,40123
23358,29060
511,29820
8698,37234
2288,34081
14045,31446
8615,30150
10099,28186
17075,35719
27579,40148
3187,28476
5500,36510
16409,37382
8230,32210
21177,39342
23077,34435
19447,38202
2942,42366
10967,34733
15412,36781
17,28328
19118,41067
13368,28065
19828,38615
15764,40257
25637,34917
25649,34929
19083,36922
11305,37601
15928,30955
19678,30067
14940,28641
13977,28059
19896,32379
4471,41045
3763,39213
4550,40517
9031,33173
4666,42196
1875,42000
27034,40720
26284,29329
6957,36565
18422,33006
8939,30984
5465,31012
15263,33781
6897,42346
2229,38048
8087,42120
19759,39455
18641,32081
19438,41926
8337,29922
6352,34595
6741,39868
3720,40435
13999,35985
1457,42103
11932,40464
9182,33237
27054,39049
21390,34653
26288,40654
4787,33491
2748,40156
1428,28728
23536,39458
7484,33200
8260,40039
15040,37271
26711,37227
23725,34425
16017,34741
10909,39630
6742,34522
11340,37143
10017,39975
10637,40332
26944,39018
9344,29606
5324,39640
6183,30339
3437,33388
11922,30645
10867,33089
27386,38291
21227,33984
4002,37979
15702,35384
4127,34026
20181,42398
25771,27672
19816,29562
8482,31404
4602,38425
804,38942
7709,38063
1788,28890
6235,34217
579,31322
13309,28889
19388,40301
26771,33959
21932,32961
26161,42206
23790,28665
26330,36066
24146,36244
23445,39169
16879,34091
4213,33187
13401,27718
16137,36615
21039,41810
3290,42150
1696,37494
5858,32111
7677,28446
17348,35176
25277,35922
19484,29188
22786,31908
4390,42362
20586,33517
1041,31273
22358,31378
4913,39224
13653,28942
20076,29183
23611,29392
5683,28991
9352,37104
2936,41258
21194,39647
2415,41630
26686,32047
9556,42247
13167,37417
7565,28387
252,37888
26380,42094
1747,36792
23046,40170
16797,35839
16234,35657
12171,38595
21374,37416
9773,35857
25542,39950
10823,36468
27031,29528
22091,29694
12443,34742
18426,27797
2095,38583
18414,28884
20880,39744
2619,39305
10672,37525
11938,33423
18955,32484
4153,41099
11888,41637
5421,35682
26209,34685
11193,34708
23478,29783
13690,34716
21555,34391
14163,34384
6463,41686
26234,34060
16760,41011
18016,27880
7707,29232
8569,32888
17434,38934
18931,31965
13805,29012
3408,32978
5483,29905
20276,33483
11194,41863
14057,33491
9711,35628
15748,35435
8112,38887
8113,38671
26609,31061
21496,39378
16333,33226
20491,29853
13606,37767
11374,41618
23225,31066
19501,39785
15803,37139
23720,37399
13032,41824
5620,39126
14611,38797
24993,34300
1834,35458
16347,34017
10340,41477
1536,34969
15231,32086
19542,28679
27537,31146
23169,41278
11153,38055
144,28640
8535,27780
10038,38744
21712,32051
5292,32787
25801,39317
4162,29628
8014,36727
8183,40297
18971,39719
26272,41030
16379,38888
19721,29398
20779,37685
18994,38167
26779,40739
24183,33876
9332,35734
12884,32815
25462,33712
20731,32202
20929,36563
15622,29658
22683,31971
17364,36015
22890,33335
6252,38322
6709,40161
21678,37552
11030,28140
2991,37249
4422,28445
15956,39879
1670,35693
8983,31820
4382,28793
23028,37698
21031,29735
13358,40572
11126,30403
7140,42315
16673,32101
2854,32146
16131,33435
9676,32158
7387,40260
1148,36637
21129,39215
24959,37605
4107,30228
24954,36960
26153,38036
14807,35613
25350,32553
6248,28167
4149,28998
23747,32466
22471,42231
6318,42189
19676,35121
26440,35306
15341,35615
4991,34745
14579,39260
26241,27948
19678,39707
17256,32325
20068,42323
20568,40825
23114,37808
18612,28427
20293,40358
23387,28687
2532,35338
11413,34014
25258,41707
22168,32438
7569,41645
2269,29991
5122,36953
14119,32865
15340,38275
14527,30511
24386,36060
20435,35397
1006,36699
4012,39817
5033,29112
10127,27961
918,31677
8853,39233
26860,35922
24527,29833
17815,34041
959,28828
10034,28416
2258,41892
2314,35584
14590,37356
5245,30428
23836,30340
3740,37697
25562,32225
4947,33063
13229,32716
13552,36650
333,37511
15950,34364
7714,35836
22329,40176
9061,29254
10484,27785
16437,32663
18727,39959
15444,34462
4893,35223
25949,39113
7423,37922
18994,29882
25016,34787
13503,38289
13902,34782
24344,41538
499,38541
2638,39919
14302,33451
26374,37853
260,36939
341,42075
1988,30009
2554,39350
15942,34779
2943,37151
7605,31393
9932,30824
14583,40268
19082,38364
9567,39571
22525,34826
3688,28155
20805,38511
26112,27961
6231,29899
6373,42037
26326,41986
26736,34849
25570,36287
19553,36777
13226,30345
23845,32740
2373,30119
23600,28017
14418,30505
19904,31293
2003,40947
20328,40828
24382,39955
991,38494
20649,42325
17561,29514
20967,36961
8942,31030
18126,42251
23538,29062
22535,38001
3683,31607
19629,38939
22159,38506
22290,29980
4792,38041
7053,29779
2647,33916
14822,38256
2998,39994
1288,30643
6206,33383
1213,35384
21454,30774
10028,32360
10667,29087
10917,38186
18941,41119
3716,30562
24576,31436
7898,31473
26599,37610
7642,29289
8528,40129
12406,28846
9706,32702
17697,38134
16213,39491
23478,36017
10924,39225
1970,35500
10100,29770
3857,32081
17299,28604
12200,32985
18445,34416
10556,36229
2283,40499
7800,27649
1108,31583
22977,40890
15620,37406
26118,32398
1740,39552
5484,38548
3454,31478
27157,39835
23352,31137
22955,31620
9609,40980
13453,28839
22639,37187
11821,35457
14037,32807
12413,37647
9692,41929
8429,29708
8935,35250
12449,30610
14333,30878
1536,28204
17517,38182
17869,29564
17008,34772
10032,32219
61,29548
11765,34556
8404,35486
4698,37006
2515,27788
11620,40552
18114,37078
16551,32794
4362,39955
12862,33485
20171,40433
9041,38932
3178,33167
515,41659
17841,29638
4456,41810
17140,37228
14949,40396
7242,29100
1642,27672
21394,42202
6004,28848
4587,40162
22181,30300
910,31939
13165,29808
9796,38449
18853,30895
21651,28887
9684,27706
24109,41094
15288,36762
2666,35925
21923,34694
5757,29680
25085,31164
6267,28176
11381,36298
2540,38593
11504,40637
100,39600
23584,38442
17395,40330
8861,39822
20155,30341
22343,29782
9494,28363
10037,37136
26299,37569
21842,39052
834,36755
4048,42215
9814,35438
16639,38369
17557,37923
23694,37010
7425,32240
13101,32561
12242,40929
17257,39358
26110,38561
19310,30838
3873,31274
23903,33540
14003,41709
10062,36101
26226,31479
20171,35268
7995,34541
7725,37156
1591,31739
328,31017
15352,27695
3503,35724
24339,38043
24658,36235
22820,40622
17827,34236
22485,30117
13990,34424
10914,32429
9496,40313
9279,36960
7031,40025
5036,28300
15166,27755
12914,28694
9378,41367
25113,39744
14672,37066
21591,30186
15112,28251
22659,42285
63,38442
8324,35193
25322,37023
26967,30780
10938,36281
27027,35390
18577,38616
7998,34869
12922,35362
25067,34651
13480,35932
352,34556
6725,34145
5049,32315
23559,29428
18518,41335
26408,29718
12062,32777
13692,30730
10453,28924
18632,38864
4871,38707
12116,34883
25027,28363
19172,32442
26,40579
1345,29955
20875,29316
13303,31601
14550,28539
812,28386
14183,29754
3935,37034
7942,38667
14494,37319
24107,31269
4429,32138
24908,36542
16777,30050
13139,37238
1020,28250
14164,32354
8067,42169
2967,38322
9587,41417
19084,42301
11325,36154
17696,34016
25041,41472
16499,35356
3000,37679
16907,37040
17604,39209
27223,33443
6775,36834
27054,30122
13031,30180
6595,40135
11154,33718
14361,30803
22297,28895
10525,40220
4301,34035
4746,41120
14942,32536
20283,29420
15017,37715
24545,28260
8187,28218
18971,40865
1337,31962
8807,37323
3746,29226
4628,27999
15258,36587
5455,42366
22414,41829
6465,34469
19769,28683
26561,38357
22117,40440
2056,40149
14159,41943
5315,41698
7599,34742
27538,31305
4943,31752
3132,32732
15844,34676
5850,33935
20741,38763
22802,36042
4074,30176
15242,31581
6509,31394
4241,28976
4253,28513
21702,38401
26932,41504
19035,36547
14679,39181
6593,37749
11972,37170
25519,38959
5496,33405
16754,38470
427,28532
25563,39083
4007,39794
7902,31412
22553,37997
11640,39239
2774,40464
25827,28893
27152,32960
5811,36559
7542,33984
21533,36387
25497,40914
25222,39854
25099,36715
4538,33686
24461,35703
21095,36719
111,41326
21256,33419
12675,32452
23461,38676
23249,37826
18539,29623
4505,30268
3124,35685
26620,28277
2432,39926
13048,38124
23010,30121
21052,29730
17064,30668
26233,31543
5681,38318
12549,41089
8227,31764
7574,38748
12168,37702
6850,34703
20585,31004
18277,33892
6603,37613
11686,28121
2610,42246
3708,37232
19282,37675
12631,36144
9730,30132
10344,28466
19125,34008
21071,35467
13073,35462
4314,34752
12126,31799
8968,32774
3257,28541
10955,35362
2285,32442
16152,37018
27511,41217
2714,32806
13751,29641
22870,40307
22000,40015
10693,36198
5516,30946
12816,35360
1393,36625
9261,34326
93,41543
26418,28164
25919,33349
22803,39777
24696,36658
8017,29379
6322,28808
26757,35238
22092,41549
21069,38032
919,40982
24324,32294
21835,34171
17083,35908
25078,31196
7983,35079
4721,33084
4464,38724
19897,30476
19676,38217
19809,33883
11285,36850
10106,34482
17484,31062
131,38305
12179,29866
8767,36199
5439,30329
13580,32794
18180,40031
3136,30224
8998,31926
23566,35365
13305,37455
21458,33118
22927,40290
22738,34578
8830,34327
16793,40841
14099,38941
27617,39845
7006,36029
4291,32208
23772,31310
22552,32543
21891,27759
13994,29342
12401,39363
12920,35730
3004,34692
6325,41449
19043,37022
21426,36722
1267,37260
16899,28580
3972,37125
22802,30993
18950,41877
5248,31380
21236,33052
12693,39305
2972,41580
26880,28394
10391,29805
7255,29700
15524,34048
17748,35356
8260,33203
20121,30527
7808,29618
12467,34064
16243,42154
20280,38603
1358,38213
11016,40843
21112,38660
10056,36112
21035,33073
12986,41683
27466,36989
19474,36579
26562,41891
20608,37910
21415,35394
7899,34423
25780,36254
1606,29738
27148,31776
1379,31983
12264,31001
21516,34598
7712,35001
8783,36359
26912,39821
14890,32653
12902,41871
14053,40562
25329,38108
7782,33879
11321,36601
10230,41889
8230,38248
3275,35247
4523,31563
11228,33718
23229,31324
9951,35882
17874,27710
1691,40679
8913,30725
9497,31239
11074,29460
15386,32406
14079,33278
6788,36581
5921,31867
25929,31880
24898,32517
21108,30665
22485,38826
6345,40696
8796,28122
21359,34931
7404,28393
15595,34853
2260,29678
18556,41041
17207,31295
4956,32994
10268,33086
9224,32806
23280,31144
2221,30376
26598,33700
814,40103
1551,33070
3325,30753
5599,36801
26193,28016
8717,41624
3577,41254
24064,30074
12014,39079
23562,34969
9543,37445
18056,38727
17540,36149
22574,40463
24701,36190
22963,28165
111,32742
16161,39085
15005,29840
21346,39647
24110,37678
7391,39718
8650,37652
8909,33596
5132,41399
9271,37157
20395,40001
17186,41812
15787,41541
17079,32671
26405,33758
3359,30093
19511,29394
7457,35105
10146,39169
6280,31198
23747,31419
493,28415
16352,39504
6238,31828
11971,40322
5124,31141
14114,34577
7735,28031
25337,35340
9299,30196
16711,37084
24879,39240
7141,36156
1028,40734
6133,29798
7274,32014
8994,27746
10910,33807
20830,27808
449,36892
27167,38950
2637,32656
6502,36987
27216,39358
6100,38927
18780,37684
13220,32558
7695,37429
19040,36830
23491,32539
26000,35424
6830,40824
25711,39583
5099,35808
4885,41183
5748,35087
14631,34836
7706,39787
24792,39818
15126,37362
10251,30107
14563,34286
21397,40398
2494,39235
11880,31654
2177,39207
22055,31478
24190,38190
6782,31581
22825,30738
8495,35376
18831,41463
19056,38740
1485,33262
10678,32159
24262,41270
14295,31956
7101,40304
6578,29195
16284,38498
24856,28881
9861,33225
20761,33021
114,37698
22248,30068
21203,34504
26394,36744
7623,27763
10873,31158
8772,31076
8548,41985
8786,32889
1420,37871
17535,36803
11575,37601
24450,39962
4836,41666
7598,33282
10295,36785
20762,40102
19364,35024
1026,38858
21118,32812
24973,31334
1151,32381
13131,32874
15817,38871
8338,39564
25104,28707
14382,39284
17905,34862
450,41888
26036,35742
12240,31145
10370,31142
18070,35686
8566,31048
26859,40610
3586,42226
26533,36834
16316,33996
21107,35370
24201,37573
4657,31982
22845,42282
22536,36300
24478,34657
20941,36847
7963,36819
26472,34317
1771,42191
22010,32518
20076,36285
8358,30439
24374,40818
22321,29459
3675,39294
5845,40619
20486,30771
24778,40658
1194,39001
24634,35772
2176,29687
4515,27912
17642,41668
4902,35575
23395,40484
19232,38052
12284,28626
6194,32991
9979,32671
14787,39076
19339,39979
16751,37701
23311,37398
21521,28309
14337,29385
22114,39966
19663,36800
12283,28644
27036,42152
26970,42345
1814,40788
25978,38065
17669,31919
25629,34870
26017,30444
9658,41241
596,41178
6282,33941
9007,40533
19014,36420
21345,32522
4201,36025
15809,32068
7144,41492
10575,39563
4897,38132
21519,34619
16389,31057
538,35804
21969,34996
19035,38692
17121,33474
12532,30370
7166,30821
1215,40528
19167,28779
6174,27706
2856,32311
12394,35358
7817,42219
18703,40173
5953,29754
19879,33252
6599,36667
9102,34376
10331,29127
16464,28787
25384,29506
25584,33556
4675,29762
16239,38517
17328,34508
18967,33280
26373,30953
6546,28647
4946,30001
23938,28623
8199,34203
2381,38765
19193,38415
6905,38483
21595,32413
10927,36805
24228,36511
17078,32998
4019,39377
5526,29931
5271,36843
13183,35488
1901,40359
15950,41512
24736,40336
3446,35771
23187,32608
21182,31864
15992,33591
4720,38456
16261,38715
17038,38301
23421,28029
496,35502
16558,33800
6036,36695
14787,31272
16269,28947
8527,32684
15681,31224
23945,29636
13612,33627
5169,27864
21759,42147
680,31897
11030,34688
19650,34404
20194,27813
22861,40225
7215,30830
27238,36880
9399,30658
157,27846
23501,27757
15893,40075
2269,40504
24689,34634
14038,33889
10308,32852
21,34808
12243,33288
22990,41110
11070,34655
19513,28070
7595,34545
1810,42370
1457,29410
11663,39392
19802,30006
20627,32977
5271,37235
9366,37163
13947,32354
4629,27693
2552,32375
13958,41789
21080,33621
2339,35129
9288,40831
26856,30290
24906,31806
18253,32306
18870,31767
26430,32604
22779,38111
8316,40218
18229,36388
16454,33587
26214,42028
572,28700
18837,37647
11395,33871
782,29823
16360,29329
27335,28711
10000,37893
7578,41082
24316,40133
13416,36689
11324,38861
7637,36082
12666,31734
18330,33064
324,38222
15183,33894
18285,30533
23755,35582
17062,28883
16459,30198
2859,41438
5398,28293
23555,36855
16866,29802
24548,38834
11545,30184
16322,32947
10217,34847
26628,36069
4401,28124
23553,40003
12617,31025
5143,37277
16859,41138
13512,36357
18249,41358
9456,36102
14904,39271
18416,38811
7632,38681
15230,38403
2225,30459
21902,34592
8031,41557
18156,30622
27112,34535
3732,34857
7358,38652
8393,38315
263,42009
20033,34408
9380,37576
19760,31651
6354,35842
3854,34752
7638,32248
7696,28640
18548,38541
24274,31480
11711,31785
5918,41868
17305,37147
1205,35048
23552,35382
18908,29363
7225,41304
15636,41512
2509,30082
12627,35573
15648,38507
19047,40818
3513,29877
26260,33972
21238,37544
15858,31736
16337,34033
21371,29232
820,40029
3128,36262
27172,41201
11764,33192
18705,34831
7621,28865
1948,32388
14852,34460
8262,30456
6530,37112
8013,33902
19334,35896
16762,30385
15525,35232
20432,30980
23397,40370
4802,38651
20195,40343
24256,40662
18906,29167
16896,29519
2873,32575
14067,31906
27511,41315
19467,34229
24151,35612
26825,41046
11705,38861
4365,38713
21636,33368
2917,30574
11917,40012
1630,40751
23211,37174
20437,34372
4039,39913
13147,28547
18797,36828
15270,40048
4647,28471
2756,31700
10977,32735
10268,33145
8980,39607
10002,38339
9498,36567
15243,39592
11064,38890
21531,38918
17495,34733
23343,36607
25957,39328
17679,37157
6111,39143
3806,30957
20611,32772
6987,36043
16006,39917
9211,35935
2159,33958
22679,35972
20412,39460
21783,37982
26195,40417
2253,36739
26369,31094
21445,28360
24056,30633
7125,28253
14340,37079
20968,40912
13293,42184
3774,31248
18177,32700
24534,40133
2502,29226
4636,38060
8843,42324
13181,35062
5775,41694
20167,30417
4748,36479
25802,40926
17485,30026
13208,42027
16540,32339
1522,38768
2481,38889
9493,40840
15081,38537
3199,38715
25448,42152
24998,37031
7579,31430
1021,40577
960,39310
8452,32866
10540,30719
4064,28780
1796,27782
22759,36380
14921,36207
2020,41517
13835,41213
23103,29553
21581,29577
25270,31369
4245,30848
22614,32099
14576,35596
4922,42287
10432,33822
8938,36084
11241,28232
19095,28349
10398,35432
3263,30798
21251,36325
17675,42078
4412,30081
9280,29302
16444,39771
10747,30444
15292,41515
27429,34781
3203,30433
716,28292
8600,41515
2459,31991
5275,34673
3859,35954
169,37973
8286,40189
11966,41509
2180,41461
14329,40151
2697,38272
24768,41739
6818,33473
5997,37550
20572,37972
12294,39366
12352,33543
7338,33112
2894,31545
22988,42227
26138,38139
7133,35094
14866,37525
2263,30538
22947,42110
8003,31367
27162,37341
19342,28797
14525,32838
14260,36875
26997,28777
26753,41837
4205,28280
18888,37746
14632,38914
9691,37885
10812,42384
15499,40936
25601,40294
3112,28287
18676,39319
26769,37807
3091,32964
25637,32345
8383,41873
24070,35293
25960,30880
19961,28560
12196,28415
14029,34864
12418,38246
16727,35846
15934,34015
3639,39875
7406,30590
13841,27988
23989,31733
25153,34847
6106,37940
8737,42268
2808,36253
15167,36839
20157,30392
21124,32140
9173,28194
19230,42375
13581,40013
6619,34196
25567,38433
107,41454
23612,36183
24738,38165
2629,31199
26527,30344
6852,41994
14693,31369
6065,40578
21159,35645
16422,32774
17011,32357
17752,28645
2572,36075
14846,41773
13496,40472
2881,30350
8919,29079
1473,35191
8856,36967
14524,28657
12521,37459
22145,35207
291,39766
26837,29682
3952,27948
17037,30722
17988,39055
21408,36927
20795,39375
880,39284
21793,32630
16338,34302
17322,31936
10169,32016
22716,36044
8901,33403
9441,39325
24704,37257
20396,39127
6229,31077
20986,37319
380,33958
5636,31073
24265,28859
21115,40847
12674,38978
12924,40199
9615,30255
17297,38682
15031,28395
4140,29543
1314,28819
13413,38669
22865,41214
23584,33817
23106,37455
22092,29974
20939,28072
4463,37011
3748,34655
10250,32588
16545,27783
13034,41509
20071,30541
27386,38841
19262,37380
16339,32116
4735,31775
5008,37042
5351,37879
6029,36210
1054,41704
14008,38568
26247,32054
8748,39411
4820,27772
23260,34504
6453,35175
10766,28933
16550,29705
23456,29540
12235,28716
1426,34905
5051,33076
22319,28471
17713,28747
12383,38489
15970,35378
21328,33879
7833,40563
3347,38629
1209,29792
18160,30034
17742,34603
13719,36113
5468,41932
18877,29276
10047,39601
18626,36906
10221,31838
469,38220
11323,41177
20726,32740
15741,28645
2400,31148
15862,33652
2307,29473
17999,34695
10642,29488
26067,40796
24524,28727
25817,31146
3542,36918
23630,31976
16384,28252
20693,35344
7734,32311
18452,27902
18464,41375
21252,37116
3432,37214
16706,28700
739,40441
8269,41913
8306,38394
15336,28155
19117,40830
18249,39712
635,35754
4085,34987
2503,29224
5941,42051
13699,36446
1186,40240
17906,31653
13943,38830
26048,35676
4326,32151
22541,39054
21877,29540
1718,37144
22008,33471
16562,34041
12891,39164
8016,41446
14369,42385
25109,37499
11282,35354
3371,30382
8748,36922
153,39767
25538,37793
25447,31223
6846,37790
24953,36938
20659,33044
24711,36517
7287,38708
21801,39241
15208,30896
11995,39826
21580,31003
20125,40989
5708,36894
21893,38997
18836,39557
25618,29007
25348,29473
11202,33594
27426,39309
20957,38430
8437,32767
12991,41797
27041,38818
2781,31176
8652,33146
1956,37584
4075,33467
6116,40006
7032,41938
17800,33168
12401,36029
26135,42274
8433,40271
22440,37797
14600,27973
891,32484
976,28044
3024,38730
6253,30695
645,29046
4479,41688
2066,41715
3027,36011
8065,33610
13894,29710
1709,40802
4734,32321
27267,35441
14331,29745
21667,37221
8475,34732
26169,36791
2978,39768
24332,34443
27280,27741
17601,41043
4668,38636
10751,32099
27575,37614
6804,37176
22643,33795
15117,28770
21797,34774
24862,28864
246,34261
15524,27922
15120,32363
14107,33115
16633,40989
13733,28812
6905,30774
9169,29540
24213,28878
11021,27900
19257,41666
984,41964
182,30765
23425,37123
24308,34103
23008,40844
1211,34519
18396,34493
12416,36847
42,40931
12225,34526
9082,31326
23857,30678
17341,28583
26629,36489
18640,27906
21888,40798
3405,40801
12075,36124
11588,32758
2532,29889
9745,31200
7430,40207
24138,34607
15636,36519
8441,36516
17760,34403
16986,36966
3858,31409
4028,29302
17687,34343
11278,39037
18179,37327
23850,34586
19088,42284
10619,33862
2471,38500
15015,29948
7930,28368
24383,33830
4315,41591
26790,38776
24218,32569
16975,38082
6179,41395
22575,35463
19762,28193
11953,36769
13273,37814
17248,33132
15514,29908
27524,28108
12403,30304
22840,40913
23904,29406
4718,32284
11672,30881
17650,40994
25594,37972
27054,32153
19952,34702
13832,31110
20057,29654
756,34004
23995,38509
19238,38399
2991,31150
21176,34350
13469,40570
22947,28665
4248,32450
9277,39366
10027,34769
26311,30066
12745,37481
15425,30998
8034,41114
2544,32481
11811,39471
22403,31059
15588,38506
24632,41512
129,31578
26988,33206
8985,37425
11185,29911
17508,35178
9084,35748
818,36595
15321,29226
12433,32708
25126,32797
26856,30814
2988,29369
26837,39069
16994,28105
25126,37729
9591,32943
15567,34344
13231,28187
21506,41674
2682,34727
12973,40127
18561,34456
14204,33503
11243,31483
4209,38091
23069,41073
3944,30150
18882,38958
13264,34906
18028,37488
23071,28349
9770,37598
5620,31696
22173,41694
18012,33890
12372,38131
10849,36015
12751,34138
13352,39601
19508,33875
3173,32488
27120,34951
16537,38251
14396,29089
14658,33102
2787,42383
23856,40198
18341,36812
15305,33594
20129,31868
27563,33727
6978,34649
19617,39283
26242,41385
18949,36060
11566,37241
779,42133
4457,28048
23095,39784
10538,34675
19607,29540
24143,31118
2525,32378
25015,35359
18846,29823
13475,36348
10442,34531
13527,39208
15986,32772
25357,29504
1726,31247
2229,35847
2522,35694
17918,28202
3836,30852
7653,34102
23158,29360
16525,28028
13575,29716
26643,31752
18720,31365
17988,34222
16030,30607
26936,30558
9549,39301
20964,36554
22470,31524
749,37320
20998,39679
1957,40209
26780,33372
17045,33425
18545,29199
16909,36741
27487,35527
19476,30505
6476,30339
22349,38581
19236,30582
16983,33871
474,27648
18015,40613
18463,38972
7987,39779
3283,40543
10182,41654
2081,40682
9178,30566
9006,40205
7223,39242
4653,37978
19214,37846
23480,35914
16982,29914
15213,35323
21660,40131
13794,29744
22806,38192
20836,36262
7934,32907
8277,35081
3146,40851
19173,40414
21838,30395
22059,35433
7003,37027
24416,37530
26899,28091
26722,31784
5894,39290
17995,29210
9118,39965
17752,30211
14546,33973
13809,37395
2870,29833
21623,29596
403,37628
18789,32633
26672,37328
5575,36132
5335,28889
19031,30868
16540,39435
19124,30043
13484,40930
16132,33509
18511,33668
3324,39306
3877,41556
1721,27777
26891,38958
22764,40086
12946,30154
12492,42050
24021,31537
12095,39050
17614,37050
17458,28007
27236,42405
26275,30755
22708,28121
435,35093
5783,40210
8562,29415
11208,28305
4346,36698
15992,38520
17367,30437
573,41484
12836,32742
11142,39648
21496,38730
7315,39592
8511,35275
8575,41220
24126,40406
8314,33954
14749,41765
11149,32648
8083,35176
12590,37326
4391,31866
7382,29921
14190,40078
347,32698
3365,36395
12179,36828
2614,36669
815,37516
23013,37257
23703,35624
3374,39280
376,34918
8600,32526
3150,36250
26692,39979
9515,37407
17770,31112
4329,29871
11098,31630
7274,30778
14117,37187
24967,41692
2537,37195
11497,34951
5013,33546
9031,36822
16780,36728
19658,34925
26200,39521
14950,29142
2005,34241
8502,31527
25908,38661
19278,28737
4835,37669
16369,31735
24668,33218
26305,32403
19194,37319
16680,36601
507,34790
20416,37021
18121,38538
19910,41843
19468,38399
13921,32261
18122,41588
10484,37026
14637,40670
6273,38422
23876,38703
13739,37598
10218,35771
20048,40494
4394,41532
17622,40304
95,35624
1713,36863
12524,32365
4084,31077
11389,35430
21314,30662
19842,28468
19563,28716
20748,34377
2536,28350
19880,36382
24435,27827
14594,39225
13291,34617
735,28867
328,37030
24011,31433
15351,37929
5447,41550
23551,28411
1752,38512
11191,28049
5393,34853
2114,41451
21277,31248
24642,41667
17371,39248
26233,37122
23150,36594
16827,37743
26131,33337
23757,34663
6645,35989
4303,31581
11081,36906
21856,29042
21088,29203
22206,32202
25497,41033
5785,27943
20507,40220
14014,28307
8391,37899
6352,37269
22982,39438
27598,28993
7488,38152
9336,31015
5862,41354
22045,28119
8428,34174
26235,41528
6906,29080
7674,31915
13461,32933
10313,32237
21262,34066
23693,28885
19385,40491
4228,38584
1420,39494
24998,29967
20439,39539
9516,29086
27116,39231
16294,36668
3326,34830
17847,34895
17504,32712
21917,33463
8060,34689
6194,27764
3105,35405
3688,29996
9831,30811
10843,41351
19283,40519
19625,39703
9931,28017
18271,41524
1200,39878
18104,39235
2769,37065
21572,29498
17741,35425
23037,40312
14070,32683
2521,31980
25697,39246
17881,29042
12552,41275
11499,28795
7521,32468
12451,29751
7790,32278
5196,38374
26966,34242
22623,41324
20317,38340
4942,36743
11279,28553
228,31159
17756,36110
12854,38082
8980,40968
244,30263
18378,31872
3564,38346
11357,35827
7777,27731
419,29927
22103,40551
3258,38172
24629,42162
72,31775
8856,28538
2104,28061
12790,33242
3573,36161
7510,34348
10931,33464
6162,33399
18921,38688
4485,37197
1404,38572
15553,38347
1017,41410
20380,31891
13402,32110
1254,30917
11013,38915
2069,34193
16177,29849
6735,37819
6971,32130
12536,38592
23653,36934
16915,40401
19050,39386
13296,31727
9144,34340
22364,36615
7544,34762
20232,31246
18383,32180
2283,28861
23597,35974
9904,30823
23388,30086
5123,34205
8215,31312
3760,35211
3167,37022
11243,33597
17636,35574
19361,29493
17009,38028
25889,38116
27574,28971
22394,35605
6118,29411
13173,32538
3324,40943
18296,33296
14775,32906
15969,37761
11638,39027
24269,32685
4795,40452
16303,36723
25586,33472
16230,41283
15752,40992
25409,41645
173,34168
13663,34114
24517,30390
8372,29897
12934,29361
4092,37166
4430,35970
18785,36276
5135,36117
23335,28282
7908,29369
7688,32610
12402,36172
21305,39828
18456,33541
7424,38729
7134,29835
26443,30856
6502,32133
8194,29956
25887,41758
23702,29614
16904,35950
25930,37455
27508,38937
9146,40483
24665,35983
13773,40438
26059,37124
24761,38203
16639,41885
3708,41555
1304,30831
22118,28832
18041,42285
5206,32159
23401,38134
23217,34771
13785,35399
17947,40853
1150,29980
10328,42140
15639,30220
23082,39933
18113,41688
26199,37461
3467,28615
21415,35482
16560,36160
3626,39580
1115,31505
23843,28133
25832,30988
25748,27919
22502,34344
15477,35604
17761,33197
1376,38245
18199,32581
14504,35047
13228,36767
11791,37996
8351,28742
7452,31863
755,38937
21607,32303
14843,28439
20794,33302
21491,39722
8110,39227
17266,38044
22491,29526
18495,28616
19717,37976
21352,41353
4646,41936
4637,34977
21908,38549
9060,29466
8505,39535
26063,33719
10628,39639
24415,41490
17952,30024
2602,36213
1886,36312
7172,30944
14151,31731
20387,32047
7514,38863
5313,36097
15563,32883
5990,40167
10395,36532
24249,39674
10757,28169
5692,35335
24515,30225
10632,27941
18672,40329
11626,27802
20875,38808
5933,40332
24151,29325
19135,40853
498,33037
15447,28251
21091,40325
10363,32100
14091,33125
21456,29793
26519,41785
21254,39922
4745,28307
25551,34215
2239,36462
27539,30577
16043,41340
22892,37358
2186,31435
4725,32572
13239,41063
21834,38508
27249,37414
3626,29460
13673,42003
25380,34113
17625,30745
15754,38940
516,40680
19909,27880
23468,32227
24842,38134
25693,32818
17843,34548
10486,29804
18009,35154
8355,37194
23840,38662
20424,34365
668,39713
2985,29156
13714,35265
9557,37056
23013,32681
22148,37455
2680,34020
11720,39706
15224,32066
27290,31862
17173,28879
15770,39741
18512,37514
14865,33994
16155,38388
14978,33247
18300,35647
12902,34103
17186,30088
23853,40884
7235,38552
21003,34553
2023,40978
20288,27661
4233,35555
14273,41596
5676,41580
8533,29021
20001,29683
17624,40503
12308,29153
27240,39320
10994,36371
13766,31346
17107,30479
3698,33478
27574,40215
17264,28493
22515,36247
22392,33444
7729,30246
25898,41542
2130,33909
5279,40972
17463,40360
21131,30429
10852,42076
17534,34663
1749,28017
19463,28147
21339,37289
