8285,39200
337,35674
11832,35130
11010,36655
6422,34661
11083,35624
11945,39711
8604,31780
6233,40007
4346,32562
16519,30006
1198,39742
5330,32644
5730,33173
11920,30248
16325,28294
21898,35024
4032,29450
17186,31022
8011,35734
5475,28318
20939,34306
19009,37477
16221,40331
18949,33597
11549,33027
2906,29185
10343,36393
3909,34449
6430,34457
25505,35198
8778,32847
3161,34700
23589,39151
2628,36392
24435,39940
22143,38096
1012,29172
16356,29149
7162,28907
13100,35224
20281,37388
1105,38610
7835,32799
17883,29748
11196,35937
6897,38111
19935,33685
3121,31045
9748,28506
20273,35196
21824,29511
17607,38066
277,32283
26069,28395
21739,27811
26986,34913
25130,34496
19862,38462
21387,34853
20273,35196
15979,28369
16343,31972
22996,36420
11379,35015
14599,39532
11159,36380
1570,30958
3332,33699
3430,36029
26200,32223
8394,33428
6162,39459
21073,37654
15288,29684
8255,30262
4720,37930
1794,38492
22533,31148
16018,31478
17212,39224
20626,38272
21986,38735
23387,38372
24801,34001
7711,36042
11146,35177
2067,32416
27597,35159
3087,32473
26731,29651
19790,28057
14604,38409
24007,35428
2037,28270
25556,34395
17259,30837
6288,39537
911,38970
3928,35700
1539,37153
5041,32614
25728,37195
25623,39977
6653,27678
16919,33402
25249,36396
6043,34128
5078,36830
14138,34790
27599,37958
594,32304
4182,28511
6758,37690
18787,33587
734,31123
237,32270
16026,31481
11372,36267
6466,39233
9746,35049
26060,37679
16380,29006
9498,35403
12567,38641
7990,38443
18037,33542
3014,37601
14908,36931
6215,39708
16899,40012
7967,35907
6348,31334
25220,34739
16061,31021
8458,31262
23319,34762
18542,33572
16728,34814
17910,32114
4939,31450
26461,34082
4670,36135
12322,30833
5577,35795
11392,35862
6701,30907
14459,38697
374,32285
27111,34124
20300,36012
18092,33549
2429,28287
3782,28076
3217,38753
13813,39261
4077,35670
15399,29804
6741,28811
3780,32169
6298,32713
83,29459
25395,36027
15404,33286
6062,27811
26347,32253
7833,36486
560,32297
23760,38155
17896,31396
4224,29143
5967,34232
11582,28605
1376,28217
16767,31578
2455,31519
26775,37127
23590,39152
3534,29488
8885,35675
93,29670
9575,39506
2723,32454
21545,34968
10682,30452
27111,30067
359,38347
17256,28044
21493,35527
2876,36299
10505,39560
6279,32712
17916,33528
24114,36307
2021,30071
11811,35521
263,32279
1374,32347
12179,33067
26982,34114
654,35453
3332,33699
17596,31163
24841,31297
20841,39727
4652,30622
10169,31536
12428,39168
16862,33398
10414,36772
19294,33638
548,31371
4624,35935
1611,29476
8534,29214
19782,39737
8018,36284
8713,28543
3572,30285
22733,29905
20720,38508
9274,38207
15749,35131
9397,32896
24991,35114
13753,30649
8150,32814
4042,32541
17599,33492
22779,37767
27497,30997
26875,37921
26220,34909
12187,33074
6841,36504
14083,28120
21726,29879
21185,36858
27498,30994
26745,34100
20955,31648
25712,38349
4798,29584
21806,36001
16462,33354
11056,36367
22828,33853
10847,38999
13389,35467
24782,33999
14009,33181
2298,32433
1487,29189
21249,33057
3721,36943
9942,38200
2922,37221
19578,38903
14102,31059
8874,28202
14428,30019
4221,29143
5248,28276
16478,33356
9770,36300
19673,37975
18908,37816
24906,28177
354,37204
27182,28747
9617,39866
8913,37731
12520,36589
6890,32748
18119,33552
12410,37117
4340,38856
3028,31089
15312,35493
17846,33521
16559,29525
1805,28322
12962,35299
3514,30701
18340,30172
13023,34732
2779,38269
9753,32930
11583,28605
24853,28679
14541,28899
8760,29106
17127,33420
11540,33025
4264,36207
25932,34061
3029,31093
1946,35259
4833,29302
8225,39936
24288,29127
23050,34554
24059,30784
13131,35923
26189,38677
21047,39571
23597,39684
5683,36211
12496,37985
20359,29047
18562,36056
1979,36242
8934,32857
10678,36445
13819,37976
2044,32412
20441,31393
19029,37843
5559,36369
6103,36323
4331,30871
27186,34129
17665,30662
3143,34898
25789,31468
14113,39858
11530,33020
5589,34978
20499,35711
17388,29645
10395,36159
16325,33340
21695,29981
14271,28546
8804,39777
5150,32623
6209,36835
15793,36710
9380,32894
5335,37425
23644,35003
22432,31055
24315,39341
22074,33790
22682,33840
23884,39326
20038,33693
22514,37790
16991,31427
7478,32782
26745,28283
23060,33871
4270,39425
13726,39484
222,32267
23489,36567
13392,33126
10858,32996
7946,36574
25815,34046
23781,36223
5422,30317
16248,37829
25497,36134
24970,35035
18975,33604
308,30574
18501,36572
22734,28805
1092,32333
1822,37619
17286,33445
18071,33548
25184,36804
12185,33073
16447,39441
26380,36911
15342,35241
5220,32631
17375,35451
8197,31847
19167,34755
21992,30866
11059,36360
15376,37991
4071,37346
7548,29738
7238,30175
26088,30698
13792,31944
21373,38506
7670,34400
22533,31138
20469,34797
20134,28698
14761,29021
7742,34511
17221,28318
26924,29553
1845,32396
23752,37955
16914,29836
23003,35648
5319,38122
23731,33928
16732,34816
2961,35566
19954,33687
11694,36761
19896,35799
558,32296
8188,32819
21293,39568
15338,33283
24214,35098
15081,35857
26703,39800
23116,31061
16347,39904
10109,30836
2024,32589
200,30229
14668,38625
17840,33519
16482,28839
10920,37720
8997,39009
17828,31810
21136,36450
10858,31773
24964,36039
17511,28085
10750,38324
26392,36472
23805,37470
19192,31920
13471,33134
19110,34424
2964,34740
25622,39975
21367,39267
23097,33879
9646,37144
1795,38493
16900,35359
6120,28794
26781,39790
26283,38732
23693,38512
25082,34022
19116,31819
22433,33826
18933,27951
401,38056
7661,35112
17917,33527
24371,37804
14106,28089
16004,30888
14805,33248
24723,39417
24520,30412
18107,30939
24646,30796
23904,33949
17204,28497
20565,34588
13034,36287
6118,34654
4102,40564
21744,37662
14107,33200
5574,35710
24817,37939
25044,27761
5906,36547
14303,37497
25527,34394
4629,32571
5717,32675
18841,29110
23049,39448
10399,36133
6145,37724
17034,36570
367,32179
5029,37383
23016,28391
6875,30591
21561,35917
19055,33616
14988,28476
17018,33413
5922,28006
10172,31543
8753,28676
17715,32502
25861,28275
26187,38676
15405,41296
12194,33076
2692,34649
308,30574
19657,33672
25609,39600
18173,39002
26148,29194
15957,33307
12656,34541
374,32285
2333,30857
3887,31296
2194,32425
5935,32688
26909,38131
14992,29955
6932,34597
26819,36503
11399,36765
24438,39300
21848,38037
1807,32206
2585,34991
19069,35415
25177,36362
10245,41453
24521,33986
2575,35232
4880,32598
16483,34838
8533,30551
1689,28762
8880,31267
19819,27940
10221,34934
8883,31269
17587,39577
21332,35399
18919,37295
27020,34118
11331,35352
16131,31554
7162,32759
10147,36619
14244,37562
147,40936
27042,35691
25139,34996
17145,33427
21246,30197
26075,42400
11580,33037
2870,38280
18604,35536
16881,39008
26497,34086
13004,36849
427,27889
14860,30848
4179,32548
23076,33875
23506,38501
8782,28596
18495,28416
11046,34742
838,38684
18710,38388
13250,41202
23647,35002
14428,33220
991,38090
272,38650
6244,37746
9256,32889
5752,32676
2721,34029
3768,32511
13933,37536
6263,32710
9421,31287
16175,37468
5160,32625
3767,28297
25929,39607
2194,28712
27364,34155
16747,39265
21155,35135
22237,33812
5221,29131
5747,30404
18785,38825
8424,39863
80,29683
21468,31531
7053,35295
23078,30214
22187,41351
22230,28955
10108,32945
14843,33251
4292,37131
289,40860
7190,32765
7731,34328
19572,33666
11761,36384
10972,28122
26269,31201
7015,34435
19371,33646
22051,27895
7360,31692
3205,32479
17580,33490
9555,37266
25396,36028
20039,33694
2840,39594
18017,33538
26413,37872
18276,29720
19118,31819
22237,33812
12000,35722
11092,34885
14974,36998
11626,33042
18257,36812
17540,33481
3958,34475
10895,29255
9475,39145
5173,38570
13302,35554
5156,35388
165,37706
18058,33545
22519,37478
13426,33129
19922,35819
9031,30915
19598,35692
13959,28566
5040,39457
1184,31506
10546,34859
11728,35202
27504,31031
222,32267
10157,38874
5907,36548
742,34913
13506,31251
18701,33581
23008,42004
1709,27941
25230,35926
21251,38901
3356,30220
17886,29894
16144,33326
18797,40041
23757,38157
21992,33784
3891,34651
27102,34122
9186,35491
17128,33420
23530,33914
19663,37567
8407,35575
9473,39144
15536,32982
25041,34016
23589,39150
7894,35632
11976,35362
20040,29794
1070,27954
24283,38380
21165,34255
7652,35148
21423,35775
2578,34583
2235,29816
17887,38854
12774,33113
21899,36739
27404,34161
4477,37298
3168,34931
9675,37275
23586,33924
1103,38613
487,37253
26611,32955
3258,39124
21866,35155
16340,31776
25298,35830
27217,41773
11551,29764
14469,29500
13313,35585
5898,37665
635,41105
19287,33636
7083,32750
2386,34845
8280,32825
2003,30329
24908,28177
6759,37691
9651,37149
3604,37715
263,32279
11796,34703
15482,40972
18206,28103
2335,30857
6874,32744
1807,30202
17462,31290
4130,39082
24570,36948
14297,36546
3040,32187
8844,39700
14802,38959
13017,35543
19067,35413
21257,31642
17081,37546
11121,34694
6494,29704
3610,39915
13959,28566
18175,39003
682,31034
21890,29060
6974,39783
23072,33875
23230,36447
7661,35113
15499,37624
19455,29226
19760,33678
26670,28936
18735,33582
3943,35817
20875,38393
8325,37271
13792,31943
5717,32675
252,32274
23421,27869
4550,28614
11772,34330
26464,34082
15969,27851
26704,39803
12528,33099
6813,34937
17956,27737
19984,38742
17116,35285
14106,28089
14679,38768
20148,36980
14820,38126
6437,35240
541,39240
26464,31588
16218,31441
27308,37682
11674,37216
18092,33549
16609,33373
8685,37229
596,32305
4539,31883
25243,36920
21140,35246
2450,32447
3816,32522
1817,36407
11923,34752
16746,39264
16516,30006
16892,29414
27498,30996
23551,33920
10463,36535
24656,33994
22353,31608
17258,28046
5105,32616
682,32312
7982,36149
10173,29591
7007,35798
9477,37893
10286,36749
11403,35803
14625,39705
25399,34461
25317,35255
16941,33409
20994,33734
8538,33233
24428,37678
2170,32423
121,35458
25024,35836
9642,39716
12650,35943
9977,39118
19272,39046
27186,34131
13998,35770
4444,29660
24267,37509
11575,33032
13357,35863
13754,30145
16479,33771
9109,32881
18456,30697
30,38196
10936,39925
12233,31212
17199,30723
1505,31584
15825,35291
45,31764
7161,28907
16577,30514
10783,28509
2275,32431
14018,33184
25723,37505
16610,28098
3114,35959
16188,33329
11271,33014
25772,39154
1029,31128
16594,38094
19052,33613
22864,39659
6319,35672
1223,32342
12052,33054
27199,34132
2541,32453
15076,33266
6348,32715
27184,34129
2622,35248
2485,32452
1008,28628
14364,37647
17794,33509
11172,34972
7766,36853
24180,31051
17131,38061
14215,32206
14492,33230
557,31805
25644,28369
571,32299
18286,38441
18231,33556
8394,30359
14121,36411
22297,33817
2984,38526
26784,39793
13734,38240
6,36540
7229,30164
9694,32029
26831,34102
14942,33258
21462,33763
8107,35955
3676,34489
17606,38064
13527,37659
14996,37602
19706,34765
4308,32558
13282,36656
4850,32592
17745,37097
20507,33716
1848,32395
17500,33473
27307,37681
18252,34878
11057,34976
21557,28391
11679,39620
22746,33847
24476,28862
2927,39661
25378,34821
27504,28270
19178,35612
8309,34577
16831,39106
18304,38596
24875,29999
12029,38860
26482,37074
56,32251
1681,35066
3733,32509
8642,37747
23272,37762
294,35054
4749,27646
19164,30735
10876,33002
23347,35397
1703,32373
25435,35883
14740,31885
17656,41429
13551,39435
15012,33260
11238,36075
2163,32419
3825,32532
1885,32397
7695,34896
1821,37618
16960,31619
21227,34339
16576,33367
6739,32736
24391,33976
8409,38931
927,36035
6814,34938
581,34404
13821,27957
15939,28868
17033,36569
16353,29987
15549,33293
26088,30699
24961,35189
23784,35312
22775,38267
7712,36208
3395,38500
17379,33462
18735,28587
12903,36154
18741,38830
26361,34079
16889,29416
19226,36095
21809,36002
16837,29318
27043,35690
2784,32457
11905,33049
15740,34675
18771,31314
16769,31572
18473,34440
11386,35542
16496,39691
13636,38996
14992,29955
24783,39759
24537,28974
12559,39164
17819,33517
24894,30593
7529,41600
26184,39335
22520,37480
6186,37060
20405,37940
17543,33481
10586,37934
7748,36047
11735,35741
485,30000
19606,35235
6203,36963
23288,29596
4926,41992
13167,31490
19936,33685
25719,37010
20918,39422
245,28411
7552,32789
7738,34713
26004,35796
17432,33463
8674,30088
19072,37623
11186,34948
1647,30813
6429,34456
9010,35552
5938,28791
16710,29881
26563,39187
20584,29546
7123,38626
20387,33710
19899,36088
2407,40646
22504,33830
23427,33913
4233,37639
16961,33412
22530,31138
5132,30747
11530,41657
8403,32768
8338,38576
22075,27865
11988,35101
9,27746
8912,37730
12522,33097
10214,34378
5627,39116
13068,36341
21169,34780
15454,31559
24517,36894
24995,35033
9109,32883
10801,39025
1228,32345
4472,38083
9090,38183
18608,35914
1914,34656
27102,28588
26285,38734
19935,33685
25281,35793
17610,38065
27247,34141
15636,41461
9359,38314
4749,32584
25047,27756
21918,35221
7928,34250
17109,29145
25268,35924
1508,31584
2968,36327
21463,33760
16658,31234
3822,29633
20295,38916
20686,29907
464,41339
21464,35842
5713,32672
5623,36399
22237,29805
7883,34715
22379,35557
22986,27709
22353,33818
20145,36979
4701,36406
6195,29667
844,32319
16507,33360
18284,38440
17898,27811
7161,32761
17737,29818
162,38846
1140,32335
17498,33472
6094,29067
2352,39062
2986,38528
7547,29734
14781,33242
5135,38343
24648,30796
21568,33768
23499,35412
15200,31511
10221,34933
15307,38589
24194,33965
11637,41085
11007,34922
15027,39330
3710,28407
970,36834
2906,29186
26608,29695
11481,38730
16640,35418
21253,33743
11308,34522
12413,37120
5126,31346
5474,32658
5497,32661
17601,27819
3572,30285
14554,31381
17259,30837
13855,33157
9270,39094
18499,32826
21253,31299
2787,32457
13593,35197
18870,27875
9,27746
23254,33897
23719,33925
1472,39685
21286,39313
22067,36954
13094,34299
26019,34065
16866,33398
11501,36778
2572,35629
19799,31918
9996,29077
26746,39641
13932,37535
17186,33433
24613,39193
23652,36528
11100,36798
19855,38024
26682,34092
4739,32580
681,32312
25965,29433
4140,28878
11359,35085
13397,38073
24288,33966
1723,27685
21747,37061
20948,37355
8282,31491
18360,38783
25519,35812
21930,35881
9660,32921
27120,36971
987,30198
16605,32387
12819,41011
14073,38791
2124,38555
23168,39533
20663,37579
14808,29672
5738,39018
17855,33522
3997,37717
8971,29349
24148,36289
6265,32709
5484,42171
1146,38727
17487,34914
21715,31830
2299,30048
5140,32622
3092,32476
15079,33266
10173,32951
21260,31642
20387,33710
2044,31434
19311,30587
2757,29372
10635,30828
8534,29214
5816,39296
2098,38770
8005,36350
21897,35023
24414,39565
22829,30825
1917,34900
16754,28707
13993,36036
8169,29285
24280,34653
21468,31531
24307,30336
7556,32202
23327,29784
22090,34319
20427,37982
21690,37967
12348,32226
16760,30409
7680,35021
15201,33276
24906,30401
20409,33712
24801,34002
13892,31087
20523,31645
922,34893
9777,39076
23254,33897
13748,33145
26967,28573
10391,36131
34,37915
16599,30741
8151,30971
18119,33551
23871,38722
3788,32517
17292,27866
2637,35216
18933,32467
16355,28648
582,37260
26712,38513
14084,41319
4325,37454
16177,29576
10375,35331
5102,32615
24179,31048
23570,29715
19707,34765
20092,32140
27321,35494
17742,37257
11777,35940
20582,39226
7228,30164
18394,38424
17543,31372
9020,34634
8925,35573
17276,33443
14396,39605
24225,36276
21861,33783
25962,29433
2887,32459
22732,29903
16936,33405
1549,39188
22170,37797
594,32304
21682,35281
4095,31237
16889,29410
12216,33081
23873,38725
7788,32795
9646,37147
12243,33085
21288,39314
24593,35639
23429,30447
3016,31227
26924,29553
12955,31724
271,37244
22918,31041
22944,29550
22863,31790
25030,34010
8604,32839
25729,37196
15783,36727
26344,39679
18951,33597
20519,33720
22938,33858
26491,35449
18949,29124
7929,35076
4572,40806
5041,27737
11268,36997
2429,28287
15618,39182
13147,33115
15411,42270
167,28261
22674,37296
23409,31410
10864,30179
23008,42005
11936,37108
23585,33923
7984,31315
26996,34349
11523,27911
20997,33734
2161,33399
23768,35580
3049,29572
632,28717
18488,39799
11629,33042
1900,30128
16856,33397
2088,36846
17846,33521
9618,36476
24394,38745
12052,33054
3618,31759
11171,34995
19316,37559
21864,35154
13866,33159
13775,34870
6453,36153
3884,37710
1913,27969
355,37202
21721,33772
15004,35408
24950,36162
9574,39504
15966,27853
15838,36226
7381,36158
14977,37000
27212,30043
10265,38074
9710,32922
16603,30740
24997,33714
5418,39922
10886,28259
540,31727
14223,38368
12662,34705
12203,39444
2693,34650
7715,31197
15358,37426
7151,36940
21352,31685
16349,28414
4041,32541
22700,33843
12979,34961
8435,39880
23176,33887
16530,31223
22827,30825
12546,33100
6425,35568
16018,33320
1448,39196
23930,35659
15950,35663
4659,30624
3089,32473
23992,39666
22780,37766
2273,30375
10103,31321
18829,29562
25341,35794
3423,34219
13903,33166
17006,31233
9761,37233
6457,34453
8432,32827
17646,29373
17451,33469
6579,30646
7358,31691
20013,33690
11476,39452
13961,31850
24116,30769
22882,27740
10841,28435
9035,32863
13639,29063
6721,31721
6959,35912
15296,28181
7342,32161
18757,38878
9397,32896
13637,29063
23313,34448
12589,39412
7952,37909
24815,37937
14610,40027
4861,32596
6142,41151
17335,33456
24802,27810
16633,40005
11523,33017
9637,32920
8892,32852
25863,28273
8279,32824
20098,29101
5075,36829
1226,32344
19164,33625
20376,37069
3555,32497
24476,33977
5161,32625
23533,33915
27096,37889
6812,38749
17219,28321
23794,33930
407,28657
19700,27662
11625,33040
18711,39845
25576,34603
6232,37989
25285,36107
2340,30960
21000,39400
6119,28794
20098,28979
18530,37521
15933,38411
15264,33278
22093,30746
17597,31163
27022,34118
4662,30621
374,32209
15764,34374
15977,28073
11480,38728
10075,37086
148,32262
521,28995
16478,28834
18887,39990
25101,35077
8108,35266
23589,39150
13469,31052
12352,33095
27207,34136
1111,39586
5261,31191
5284,32637
23279,33902
20554,29542
17279,33444
10514,29971
18542,33572
11742,34639
25800,34043
14496,35509
27286,31230
1926,35168
9276,38209
6911,36169
3547,28984
23684,40008
10492,32955
26045,34069
18571,34724
11703,34393
5176,38575
11358,38688
23714,37395
7050,35010
22530,31148
13597,34447
15329,36263
17486,34912
22051,33786
819,38193
7823,39503
2044,31434
6772,31999
579,34403
22654,31017
27369,31858
27206,30107
1435,39839
19210,31469
10073,37089
83,32256
19103,28187
16400,39159
17704,28689
7580,39251
13621,35864
17423,36523
8734,30543
8429,31421
7739,35753
12982,35067
4720,28374
17597,33491
6613,35212
18806,36587
9657,32921
26733,34099
26740,28283
16615,33376
25349,35831
10752,38325
11629,33043
21256,33743
18146,34828
3733,32509
7101,32751
1847,41365
6091,32702
13812,28583
5625,36400
2359,32440
14186,31365
16911,29832
15442,37290
15071,30861
23163,29473
20283,30281
25213,36791
7225,38635
14595,39527
20048,37674
9439,36183
21262,38296
16837,29317
20032,39541
7899,34415
23429,30447
24788,37307
4739,32580
10268,38078
25950,34314
18119,33551
10409,36096
25477,36259
3019,37456
3603,37713
14740,31885
18519,38693
7012,35693
25638,34033
26067,28395
1939,34302
26007,35920
24894,30593
12588,39403
3924,35117
24535,28769
4793,36831
19415,37545
10911,31173
19426,38585
17999,36553
1944,36257
11523,33017
25447,28365
6751,30137
17636,38092
20748,31368
3020,37457
22940,38546
26816,36502
14018,33184
20215,41919
4950,28264
11530,41658
14970,39960
24386,33973
20038,33692
80,32254
24624,35643
17381,29884
16992,35469
14807,33250
3534,32495
13558,37079
24916,36521
25819,34046
226,28789
15873,38109
11024,36753
2450,28918
11969,33052
21154,35134
14438,37968
13685,30929
947,38330
22429,33824
6945,35721
13975,33175
1328,31265
13358,34516
3159,34812
4368,36296
19567,39246
21538,36795
12467,38299
26748,39642
4917,32604
18395,38425
20134,33696
15932,38410
27113,30067
24112,36306
24449,37168
1723,32381
9443,28004
7459,38423
11167,34998
2166,32421
23409,33909
19735,38885
10585,37933
20288,33701
7083,32750
16225,27826
26976,29002
16224,29958
8655,32061
6755,39148
9021,34635
11677,39615
3176,35970
9268,39092
26675,29269
26815,38303
3189,34495
13519,28769
844,32319
8780,29657
8254,32821
20006,35655
12483,39788
5160,32625
22257,40050
13504,31251
16350,42149
25447,28365
17916,29952
17511,33476
12971,34629
25883,38759
1894,32739
7104,32751
15702,38305
17184,33429
12164,33066
15069,30860
967,36833
26400,30838
16168,37876
18194,30091
26045,34069
17341,29887
246,32274
6969,35699
18276,29720
11225,34586
9312,35046
6570,39384
13879,32214
7935,36563
4206,38530
17926,33533
23378,37190
25216,34691
19224,38788
4906,37380
3013,31386
12252,38339
17286,33445
4861,32596
13173,33454
21274,29142
24575,37186
19264,33632
25086,39559
4466,38761
17199,33434
12957,34802
16705,33382
24590,35638
7681,35022
13491,33576
10067,27660
5223,27962
20451,34817
10174,32951
12018,30840
7514,27811
14007,27980
719,32371
23016,33868
19693,39805
23078,27958
22532,31142
5937,32690
16609,28098
7994,39602
11792,35858
20409,33712
21314,37914
14054,33193
1523,31803
2740,36355
16635,40006
26331,39461
15721,38033
25858,34052
12068,35713
26636,31120
17916,33528
19113,31726
12181,33069
22334,39209
12640,35064
16430,33350
24922,31238
12332,33092
5866,36115
14103,33198
4696,34428
12837,39997
4812,38702
5845,30240
17957,27749
25455,35239
27548,28383
22731,29903
3767,32511
2636,35215
17498,31108
12781,31374
20206,35396
17222,28055
8780,32847
2636,35216
14078,39068
26922,29553
15645,37431
19760,28623
23942,37142
17436,33464
6086,34820
3845,32538
24667,40020
6698,30726
6898,38113
11165,34465
20335,29795
199,30225
2359,28769
17047,38169
5112,29861
23209,31767
17202,33435
25079,34020
21491,35526
24876,28828
19482,29816
19695,38353
13041,34622
7238,32769
16600,30740
5834,32683
14676,38765
22985,33865
562,32298
18931,33595
25926,34059
10408,36103
5861,32686
21660,35351
22700,33844
5831,38494
6654,32096
23163,33884
6926,36051
23531,31713
3779,28080
12104,33063
9051,29471
5448,32654
23304,35040
6733,30139
3606,37714
21994,28961
9014,35522
14488,33228
8064,32810
20207,29999
19485,29816
11671,37215
16599,30741
20876,31382
25798,37171
3356,30220
4572,39888
8956,35604
12993,36852
21121,33742
10110,38604
15087,33271
7978,32804
25334,35152
9385,31351
11000,36368
10911,33502
27429,37208
252,29945
20523,33720
7514,32786
3754,34750
9725,38289
15069,33265
12830,36425
15773,35838
3375,31305
12590,31739
27613,37926
3205,29676
10654,28707
3525,38685
19512,33656
15587,30028
23507,38502
17469,35732
23904,33949
2637,35215
7909,39252
14497,28373
682,31034
7101,28705
9268,39092
56,29798
999,32052
22059,37633
169,37707
18825,37293
286,35607
24759,33995
5472,28670
175,31194
21408,34362
13904,31405
22530,31142
18264,28330
11563,36825
17117,38675
13504,33136
4456,32565
14942,30052
20437,38470
13464,37516
4911,37309
1480,32360
21600,28538
940,28241
18254,35600
1734,27694
8959,30722
13424,35597
20951,33849
21356,33758
19396,33650
24987,34811
12102,33062
9547,36295
6582,32719
6265,31352
21315,37916
15979,33316
17811,31635
27127,39487
3736,32381
13936,37538
22251,38603
24330,35476
13431,36944
6612,35211
12241,42329
6455,34450
166,37708
12055,32016
17184,31022
21490,36077
572,32302
13718,38859
3379,31304
10812,28481
1022,30395
1142,32336
17696,31173
15667,34786
14766,30097
13624,35848
10131,33546
2019,27930
6580,32720
7983,34195
6033,34919
3666,30803
11040,34320
22532,31148
10857,31773
20577,39944
1910,32399
15580,39333
23709,38517
19978,39877
6579,32719
25327,34971
21027,29964
12571,39167
8285,39200
6272,37418
4558,30047
9479,37894
6874,30591
26922,34105
11664,36312
2442,32443
7029,36083
10810,37095
2843,32755
25465,36611
17329,37036
14975,36999
11570,33030
2442,32443
10210,35030
12672,34543
24371,37804
26498,34086
10152,38793
18975,31579
13436,37792
17124,40035
10682,32974
19484,29819
15422,41825
3257,37587
22365,39985
17162,42291
16307,36636
16754,28709
4739,30313
5947,35463
17127,33420
8515,37096
4315,38954
19595,36740
17563,33486
2270,39578
2163,32418
27472,34168
24786,39765
7250,35419
4268,35341
12741,37726
22350,33818
22422,30327
10072,37085
1485,37911
21156,35136
11707,36151
923,34894
6967,27710
1447,34090
832,35476
11759,29442
22057,31598
8024,30366
13323,28641
17734,36608
22737,30313
26258,34012
14642,39860
14020,41521
22042,30041
17780,38260
8079,31156
20454,31009
13750,31454
16132,40461
20775,36735
10726,33556
11569,38801
2206,35801
7788,32524
17039,39100
17734,40422
25656,40994
8725,31809
22263,30910
323,38142
181,31571
7479,30802
16490,29282
14721,32172
24169,39588
3154,36746
17027,41825
10462,33430
13904,33778
14935,31066
21063,38818
21100,32780
7971,30325
10393,32270
2231,27701
4056,28529
22442,35632
9923,33422
1044,31416
12478,32833
24208,39347
22760,34630
14376,40814
3561,40688
23551,40448
12672,33007
26238,29054
2849,29908
19706,39707
525,35059
8216,40741
528,29234
25759,30488
26711,36148
13632,33194
1366,31434
11990,39121
9969,40624
15837,31216
19797,33083
13512,28030
21847,35194
21907,37959
8277,31653
13604,29196
20009,38429
23200,32075
5204,34103
14062,39721
2379,33945
1914,28618
1466,31843
23601,32601
20573,29404
6367,30550
987,33805
9536,37259
22972,41329
1558,30254
18259,37959
19879,41506
25681,31276
6434,34244
6344,37370
8559,36759
5359,31147
22854,32856
15480,37361
636,30768
7405,41520
15917,35934
7650,35448
18347,29046
17733,30943
22514,36562
7893,33777
25938,36981
23729,32263
14001,39997
7444,40185
20844,40145
6523,33719
23854,32382
14735,32093
10324,33573
4707,40359
10928,32504
9668,28752
6807,37809
15066,27804
10731,30321
20195,29508
21747,33821
678,40986
10443,40760
23325,39170
26126,38029
19300,41102
3303,36214
6090,40969
22031,40079
18075,34737
10724,31661
4370,40880
890,41663
1477,31805
3261,42388
1813,42189
8539,36995
7142,33807
18965,39213
15929,36180
5727,36536
8924,40924
23941,35796
16588,33629
10361,40855
8652,36431
11517,32096
20978,35705
6546,34316
27145,37183
7721,42271
10338,36036
6806,33330
26895,29819
16259,30571
18395,29878
6190,29125
21890,34111
18997,32646
20428,32302
11089,36641
13457,28425
16901,34026
4153,39060
19928,36615
21769,39415
7184,31178
18362,35971
3331,33190
21168,39939
6582,38366
17745,37912
5320,40315
6708,37021
1817,35254
26222,39196
3664,30379
5081,35702
18063,28768
2037,31620
4651,31776
3755,27661
8258,27769
18726,42191
8943,38234
22944,30822
19433,30230
18688,39203
20424,39758
26834,34924
12371,34879
21032,35137
10860,42359
7026,32731
13502,34528
19766,37970
937,37171
12137,37235
20891,36799
2387,37563
4749,30568
21801,37687
23523,28468
3427,30072
16763,34326
4714,41925
25603,40204
25717,34225
26336,30090
24770,31631
12467,38514
21381,39746
9276,39144
10471,38017
19821,32191
11403,37473
4587,36612
13558,30632
13270,39487
11900,36414
7227,28826
20604,27654
1650,30915
3837,33807
21734,31540
1706,40108
4252,35687
17090,42382
3972,32042
14249,41316
23482,40524
11807,33441
299,32046
14013,29474
27173,40277
24241,37108
9696,28635
71,40746
17266,32122
9134,32183
13194,33888
5861,39375
10323,33005
24241,27951
24974,28932
24497,29901
1775,30638
22126,35365
5617,41930
24573,39441
20358,37850
11804,30095
20240,42082
12492,40038
22774,35081
25709,40207
2745,31194
27211,33789
9754,40266
19022,29741
14915,37503
6148,29914
17492,29413
1915,38094
7403,31291
797,30711
21922,41229
18113,31458
7940,42099
19405,36499
1205,36436
7866,31509
20446,38453
10519,31755
20342,33265
6888,36298
6293,28605
13257,37713
5164,35518
15161,32326
15773,42191
11352,38754
20615,36530
20336,36506
8483,40588
24236,41128
25794,27870
10447,40350
1533,38639
6600,37310
27141,36316
1854,40034
23066,38631
19725,41209
10097,37713
17544,39401
20452,40243
11337,28969
14962,33037
15985,29515
21949,33012
26570,41045
5879,40233
14425,34332
10314,36067
22993,34626
22592,37968
26784,40365
24497,29370
7426,35385
11998,29394
1212,29427
13928,31518
4087,37232
25043,28152
12744,28077
25784,40872
18927,37468
18831,33625
5932,28820
19913,35894
14353,32508
12462,39868
10939,30198
4780,28717
15102,28506
23860,34229
15630,40951
24035,33965
14076,36458
25283,37112
19603,39070
17493,40587
10255,33530
22792,37090
15264,39599
10892,30514
14483,39302
4846,33555
7277,39558
24248,32927
7782,31999
26167,34533
23368,40001
12605,38888
2950,31211
21092,41159
8252,33460
12909,39588
9883,28131
13769,41882
6399,40666
25729,32856
25194,37303
21531,35828
14779,35786
3506,36510
1580,33828
11449,37084
24650,31148
12799,29356
20568,33818
8788,32041
25240,33156
8240,28833
1262,28357
5196,42065
17184,40299
4960,32432
11679,28817
21508,39119
26865,38760
2191,41530
21640,35169
4443,40423
17398,41837
13074,30898
12348,41754
26554,38042
14878,37002
8741,36983
14596,37731
26555,39683
19108,42278
11808,42063
5261,41021
12563,31948
2245,32144
23311,33839
23244,38644
19137,39816
143,33565
814,36402
9431,39128
6473,31534
1231,42018
7788,30453
24795,31034
2243,37391
11575,28386
25925,33315
1450,36888
10558,31572
14254,32705
11990,37020
17494,34023
1764,37502
19693,35384
18131,42251
21475,38171
10317,35450
23718,41168
5761,28551
421,28174
9493,32545
24349,32008
6478,36101
22187,32979
8239,31296
8664,28450
24780,29195
18366,39628
419,34311
2922,31885
20402,42068
8580,41423
9652,38431
21167,32489
9631,39720
6482,33530
25106,38154
16533,35769
2244,40565
14267,35976
5260,35275
20893,42127
15489,29837
158,33902
14116,35758
6474,36945
538,36913
6069,29147
26263,34601
16193,34227
9415,33106
23558,33794
14825,39586
2659,32765
8851,39455
12142,29815
522,39351
20018,32206
24570,41323
19745,32719
1725,34396
20593,38137
19011,40052
17449,28402
25697,29092
24576,29654
3752,30994
7902,37564
1653,40091
2337,29960
23823,35548
4330,28619
6254,32360
21525,31214
27430,33731
5683,38094
18549,35887
5064,34200
13765,32170
16137,33094
25764,27934
10779,40268
4430,40463
3515,27712
10565,34836
27591,36625
8070,34273
26334,34732
6675,28024
7273,38062
11619,39113
10676,42347
6174,42058
5960,28810
2251,28880
1248,32936
27083,31207
21094,33757
15261,35166
26556,28736
14395,40892
14968,41243
7802,31681
26564,39465
25403,33292
10067,37731
24747,34589
18065,29911
18315,38262
25071,39353
8862,27806
18534,36373
14705,32741
24954,38815
12499,33703
21885,34008
24379,37491
25851,35649
21823,34018
26229,42059
8418,34578
6793,33755
15900,41710
16207,41877
25342,33331
5432,34804
17117,32625
14640,36108
20617,32008
11559,37447
12042,40080
19136,34571
19860,39863
26572,37354
20763,35309
7980,30867
27011,35399
225,32453
14620,30187
26528,30267
19981,37959
26034,28902
14378,27960
5902,29094
16531,31869
23864,30975
10466,37537
23096,37834
2519,40172
18648,41764
17981,33656
1248,41861
25427,38929
18199,27961
25520,31799
6437,42226
13469,28268
18002,33778
20399,34798
22669,28655
5737,29302
19347,37817
17713,36818
8427,41869
21505,28071
4047,34974
14483,33399
9467,27660
9096,34781
11198,29014
15044,30181
19725,33658
2018,36998
7008,33983
24584,33020
23820,34951
19881,41671
16525,32097
16160,28241
21080,41807
21999,31111
19756,34777
7096,40960
19910,35853
19889,39028
5420,35727
13728,38085
1519,31470
3783,35246
17338,38339
25739,28743
26407,41208
9733,32902
1151,35516
25528,29539
12193,33358
2165,36000
8794,32246
19186,41134
6663,40893
404,39318
8620,34085
22140,32483
10638,30152
20503,39620
7382,40874
22041,38483
26924,41989
6271,37680
27424,33678
9366,36346
18357,35282
14442,41359
12664,35882
2819,39856
6419,35686
14214,32615
18434,27873
14950,41251
8192,38064
5496,41887
26805,33038
16950,29540
2838,39311
11428,28016
6467,38739
3516,40561
24487,39290
2945,32107
5770,30843
12725,33284
20714,40206
12277,39786
20994,39982
26591,36616
9592,40879
6612,37174
20958,31668
21315,31498
14832,28394
22140,42029
16799,31229
419,28351
6389,36308
21644,31129
16403,28312
22834,39676
17055,36404
27220,33983
26773,41857
1437,41755
1267,40635
11965,30155
27518,41169
23922,38755
3811,37153
24326,34716
23327,27654
22754,33779
11948,40324
424,33144
21940,35920
15818,28173
19320,40876
17532,33158
6596,38997
6958,42069
17920,41459
11001,34720
6888,36542
306,40093
10996,39438
13070,41330
11432,40985
12476,27933
17,30519
4886,38415
23040,40959
20028,39643
10617,42100
24247,29204
4687,42378
7698,39592
13819,32924
11112,33175
706,39517
5539,32386
15730,33407
8820,41308
26791,38941
6067,34278
5336,42177
4570,41162
20637,34082
18147,30403
17226,32273
23449,31828
22122,32712
6605,36587
9508,35497
9239,41032
9048,34048
19190,28191
7313,28490
11094,30097
5658,33588
3446,37319
8107,28260
7161,29297
14352,30133
24507,40444
23596,30372
24485,37156
5528,40892
7015,33243
11046,37452
636,31753
16051,40765
703,32994
15614,29385
7603,35948
14450,27934
1971,38019
22486,36514
24001,28331
17246,37217
16898,28330
23676,30746
9467,41018
19534,29254
23990,41083
6319,31476
27142,37582
134,35125
6016,41292
20452,28371
7533,38963
16268,41010
17469,27952
11359,27746
19567,38178
17302,29525
1516,28735
3554,32478
9224,42147
25317,35875
4529,35860
22069,29581
22099,40630
13767,38352
14031,40114
12368,38389
18440,33773
18490,28621
15860,30365
6543,33326
8594,32207
16728,39937
11222,41904
2475,29943
11435,38904
24464,29937
1860,32949
9966,34937
3102,35297
15434,41099
8395,37041
15608,38382
2686,28138
11454,36058
884,33669
24277,35946
22604,28437
21684,32372
26566,32615
9706,29996
26099,31686
10993,34975
20182,32436
1642,31683
13272,28208
4471,38383
10044,29908
25996,40300
14477,38636
16806,34761
699,29253
23028,37465
527,37125
20230,29427
10591,32616
9241,36269
11993,27951
24708,33330
26212,40098
466,30858
3934,37716
25209,41406
13150,33343
16963,40117
26331,35482
13008,37067
11802,41213
22093,35047
12048,42292
4104,30296
24019,36104
8150,28174
6654,33700
5738,33750
6842,38523
24890,27898
27110,27876
20684,38204
5104,35132
8582,41607
701,36894
15963,27929
26940,38365
12514,28398
3883,40210
9714,32685
15507,30254
3756,32787
23547,32186
3695,35370
3715,36937
5995,42095
8441,34638
12784,29320
1505,27663
2298,32815
6770,32941
23790,28770
14761,35016
10906,28077
7306,34992
11416,38458
10880,29871
27430,30163
8500,28876
8439,36299
3606,34250
18336,35450
6379,34909
22976,31205
20986,37711
26824,41446
25699,29709
25455,30299
25543,34021
18044,38797
20055,41322
3018,35299
9985,32802
4267,29593
11215,36686
5928,36891
18713,36201
23919,33210
10749,28869
7166,33847
8691,35302
16417,39013
19937,29717
12628,36335
24613,33451
5304,31316
25580,28795
17495,38202
15170,39326
3549,39479
4280,40405
16740,36101
19006,32494
5950,30360
16085,29475
5141,27997
25486,33743
4160,35992
973,38863
17187,29711
17017,35582
25832,32917
26479,40980
27448,39423
10906,35854
26042,39517
10409,38925
15394,35907
298,29320
9095,28184
19318,38469
17879,37193
20160,28392
9178,33891
21272,42095
12436,33223
12375,28854
23042,32848
21676,32971
17179,38856
9016,36531
24960,39173
12414,42008
22738,36272
13627,31414
7808,28730
1348,30333
23451,32294
4369,37866
17126,37300
13134,40307
17759,27834
2735,27957
15085,27804
20739,27725
26459,36537
4331,34823
23532,30364
21083,27907
16926,34248
24592,40193
614,42373
21468,37098
21265,40779
25709,28565
16989,38137
17712,34887
20567,41587
8396,27708
3699,29510
16145,29024
9657,34273
27099,28426
23180,27877
13601,32877
25435,28722
17430,33526
25222,32960
1866,41500
10596,30963
9665,28775
161,38577
10266,32396
23975,32340
21679,32338
1004,33174
8054,28185
12231,39468
24257,39283
13536,41144
24513,37457
25817,36132
24956,33673
4678,29703
22672,35356
9760,39618
2332,38173
16412,38683
13546,31217
5120,33343
26205,29834
10673,36492
2459,37947
3722,27843
23415,31658
6664,34164
13136,36125
5120,38224
5212,40686
7036,32600
9716,32847
6073,28261
19256,28264
24606,34608
25273,37519
26164,42072
12533,40421
18768,34414
5572,40282
26214,34301
10310,30560
14889,28893
17357,36529
16947,29790
25606,40224
1738,38342
22584,38049
7288,36510
3695,39405
18468,33294
3446,38930
19727,36550
5462,31539
15438,39088
14494,30709
19104,31215
366,37662
998,29887
9873,36968
10963,35258
14948,36248
10571,28985
22596,38063
3411,36498
14071,38365
17216,39127
11888,38858
20952,38732
10682,35404
11165,41354
17338,28857
18495,38946
22595,42270
13582,35154
7044,34326
21199,31298
4673,34897
33,36724
9238,30337
26266,29763
25084,34392
9666,35247
18528,28445
22420,40662
4366,34625
24547,29228
19371,37840
7298,38803
18841,27993
20327,30212
14494,35144
8738,28757
11772,33638
25555,28176
12544,39625
9486,32205
7761,38779
5315,27883
26254,31131
5491,28892
24816,31630
18356,31350
3183,28068
24218,32022
2255,34255
2147,37410
1889,32339
26244,41067
10434,37173
20179,27844
1776,39556
17905,37143
6027,35724
10406,38239
26702,35005
15365,33767
910,31097
26622,29355
7419,30404
22666,40169
9358,39509
9400,39876
14509,31446
1025,41473
23901,40912
17059,41579
9594,28794
18966,39024
26824,30620
17795,36534
13522,40676
4581,41227
11479,31816
280,34286
11985,36875
19802,30029
17672,29163
22273,33655
5545,36619
20468,33061
22309,31789
2114,39698
17342,38337
10327,29504
8587,31494
15426,36870
8152,39957
6168,32707
8019,31278
13422,36367
742,31636
23172,33645
19614,41619
3118,31824
23837,41654
1993,42165
11162,32409
24809,31102
22866,32755
25993,31285
26789,38406
20420,27758
3195,37323
6676,31767
1549,29931
27395,30740
16025,27847
10096,32800
10979,39890
2670,41664
24029,29258
13387,37339
4146,31929
26582,38411
9796,31698
22051,28834
21126,39793
8787,41043
18410,29653
13064,27904
13060,30139
1318,35833
2140,37070
13814,41328
22808,41052
16689,27819
795,33991
1677,35361
25269,34213
26656,41863
12524,32772
12661,31405
230,40266
1808,36123
14513,40438
17113,36053
24577,33206
7954,41054
7728,39196
5747,33550
16848,40579
18758,42043
26399,38355
17334,38040
6952,37360
18941,42270
7095,36741
17720,34530
15038,32554
7781,28594
18678,40212
3568,27806
8203,31901
6414,30966
6816,30592
2704,32512
23986,35899
13049,31971
21099,36422
17471,29245
10046,39520
13925,36913
9390,40203
21829,34714
16658,37950
15935,39405
19154,39572
1583,35858
6940,33648
17314,28537
15265,40363
10677,29619
26763,28166
23572,29343
10255,37725
18076,30724
5767,36329
15952,38776
7212,31604
8090,39408
11188,37640
22927,38793
19208,40194
26203,36839
26538,35831
21141,39591
18800,34515
1554,41011
26551,28278
4361,30085
4269,39157
26398,31082
3889,37456
13907,28842
12509,38893
25877,32022
22242,37404
22288,30949
3978,39264
2688,31810
13418,34368
9328,37323
16406,40128
13225,38465
20132,37992
1522,28944
19396,36416
3315,38547
6290,41943
3743,37751
13675,32792
16931,36448
26237,37175
16921,40605
2486,36472
11657,29702
12291,32667
7324,39564
11714,34886
8531,28123
4384,32163
25911,40726
6858,29660
23540,33004
17297,35517
21523,29801
11692,36243
6768,31592
16486,41830
6190,34878
22026,37566
21652,36120
2977,29265
18517,33914
26634,29120
10569,36588
20113,29810
24294,29255
5627,36785
19299,42185
24081,27928
1822,35281
21972,40947
7664,28793
13310,36562
10015,33620
15233,38511
19189,28190
18182,35479
24297,40604
11947,41909
13931,30904
2305,27693
12829,33783
15148,29048
8810,27900
13352,39935
5920,36477
1792,32436
3851,34630
12055,30287
1258,37665
18907,30110
25383,29732
24503,33813
11951,40632
5977,36485
15901,36042
26738,37527
5368,28436
26027,36438
16198,41761
9698,41283
1574,34680
7281,28198
24718,40006
2608,30663
9082,27672
16144,30663
23160,28271
9714,35625
13839,41259
17235,27997
8046,34086
16290,38035
17488,34537
10244,31560
25184,42250
1858,30162
9295,38430
15934,34449
4110,35136
19709,29992
7156,35825
22107,38617
6439,40363
8276,31190
19411,28631
27275,36963
11862,33628
22726,34748
9277,29751
3382,28263
24664,41913
19729,39366
13795,40334
15602,31970
22779,28947
27511,28276
24089,30989
12410,41350
15353,37149
24412,41257
26063,28609
10155,31689
15802,28111
6416,32959
2041,31326
16959,32226
10153,37526
3740,37277
15835,38558
11633,34198
1399,28900
4292,33942
25804,28128
3263,38170
26084,27653
4406,38358
22826,32452
15547,41087
21703,33456
3637,37837
1164,39269
10340,32109
26634,34399
3242,41457
24915,40840
9167,30945
13439,36469
10570,29874
16591,28201
2342,41940
7760,37435
23490,28383
23486,37894
13244,40339
26863,40202
14759,30003
7903,32902
25633,38115
6649,41186
24302,36546
17783,32705
3455,37314
25314,39676
16609,42132
20410,31758
23777,38420
23663,30665
10607,32663
23346,41052
27310,28650
17302,40137
26036,38889
2404,37072
9026,27908
23303,28576
9561,37069
19526,29991
194,29788
7533,35613
26420,31866
168,37038
20142,38123
9850,42045
6777,29039
3437,29101
14069,28141
7138,38390
8246,37198
8965,35458
25827,32873
1390,37509
26265,34099
17297,41445
19040,31946
5568,30915
18722,32298
14897,28494
7864,42259
17139,36761
18320,36932
8604,34949
27165,30290
5603,31796
160,41689
18486,40772
17416,32006
23576,30930
6873,40019
25564,41967
27466,32104
2911,34428
15803,34268
24653,35306
17794,37091
9782,41249
8955,36159
2580,29299
24948,41331
11190,39183
6436,28499
3127,40182
3482,37941
17780,33425
296,35887
20616,40445
4409,37176
16828,28338
16060,30486
15138,31670
16821,38253
19250,35894
19079,31624
18874,33585
16296,35838
4743,31796
3457,35598
22445,30753
4920,28007
27003,40946
8372,32542
6417,40456
320,41504
12619,27810
26211,42122
23971,32251
13935,27720
17009,39199
22460,33938
12961,31616
966,35700
24422,35980
426,40804
9841,41501
13631,34631
598,34949
3120,35820
5377,37278
5483,40315
25961,34485
13312,36474
2923,37368
23909,34125
10589,32884
23430,28462
19331,28474
21377,39178
16085,37631
23608,29695
23482,40828
21280,38098
3479,28377
11394,36406
12830,27848
25045,34175
26446,37853
9688,28011
15302,37371
20029,34818
25111,38577
9630,41192
25720,36116
19430,39615
17449,38972
17769,36369
987,38257
19075,29072
26202,34157
2548,32449
16446,41034
20311,29760
16099,36850
17843,37753
16076,32434
20068,38697
17367,29434
27589,33220
392,32308
10294,42081
1266,29570
26241,29289
6370,28477
3458,28282
27266,34370
23620,38889
17462,28855
21728,30038
2570,39440
5501,41656
22316,37648
12226,29339
16344,27817
17279,31296
11103,35178
24170,38287
24959,31339
15683,32469
6364,38353
26551,33568
5714,31092
1918,37966
17182,30651
1843,34972
14179,37037
17413,29248
11494,42351
26900,35822
26419,28534
6395,33193
11822,35501
26446,28110
21348,33524
17311,33532
13000,34481
17705,40493
19534,32185
26520,36534
27556,36675
8330,36930
27437,35991
21414,28103
26442,41333
1268,37677
688,29340
7744,36981
6665,39201
22135,34514
17535,32013
24743,33058
2009,33806
5462,40014
5174,34353
11706,40087
10017,40882
17105,36784
27042,36459
25705,38185
15355,33576
8111,30435
18147,32927
16900,39954
8727,42337
1033,41387
18798,29889
4041,35632
7262,38274
13735,38221
10644,32976
20250,36900
19177,38624
10167,36330
1946,34858
3191,36164
21734,29882
27416,28523
14625,41431
11923,37372
6014,35735
7935,31716
23798,31076
20585,29146
20192,35650
12840,31393
398,29227
21662,36592
6228,28647
10550,32625
14676,36588
25609,29769
9112,35661
9021,39920
7011,32773
14851,28642
9919,41034
20352,30488
15320,30570
19555,36270
15825,38553
7309,32379
11534,31866
25182,42244
14731,33273
25530,41798
24861,27674
17400,33662
26365,33571
19681,28081
15414,40989
25990,29955
17091,33963
24827,30056
226,34860
13735,41024
18009,28398
14060,28089
25398,27708
11172,41200
3878,41079
25402,37257
15414,41495
9940,37703
9890,36832
193,38651
11611,33888
23693,32454
24278,35817
5287,31176
13948,36103
6547,42143
17090,32293
18158,39889
5211,32136
13273,30560
24263,38515
21400,27651
6561,36982
13571,31518
2013,34553
23077,28924
15992,40818
20289,29176
19543,32061
24815,41377
16820,41761
7132,34792
5774,31105
13984,41762
17309,40426
21024,29363
516,38632
16516,39897
25400,35014
11249,33704
16853,37012
8526,31664
20053,40431
10745,38651
18308,39298
16462,39584
26548,31425
22277,36885
18053,33291
10818,37303
24215,40714
25091,30474
27071,30714
6322,42033
19332,27741
2426,41380
19109,37348
6770,28701
7440,37083
21413,41988
9468,40715
2159,35283
5216,29967
7619,38003
14003,38299
21340,33726
4101,34906
18332,36239
27637,41963
23992,36886
11836,38319
3476,30243
5080,36871
17385,31552
21650,37907
1586,30742
9525,30837
6340,40379
26121,36911
23221,38390
7345,39681
15064,33837
5992,39701
6227,31273
6607,33837
25915,30753
3728,40010
24588,31896
26312,29221
26869,39899
201,31809
18990,39299
18521,35684
24135,39927
24601,42373
3332,27665
21521,36862
26138,35254
16039,33059
95,29976
26416,31303
26967,41072
17759,39659
21599,37864
2964,33098
10051,28479
20773,32651
10230,30447
13069,30901
17073,41707
15355,28774
21663,40432
5188,30234
4170,28781
1203,28005
3121,39685
25437,31178
17929,28453
23897,40283
8297,34436
6014,29562
12750,35513
552,36448
6669,34093
11030,35914
16330,31935
10786,31942
23628,38943
22393,32363
13381,35565
8625,40841
7920,37482
22142,40653
23277,27725
12704,28627
6543,29183
17079,29515
12320,38713
9003,34234
20198,29939
10039,40021
21456,40019
2979,35031
22829,27703
8660,41371
23491,29875
17301,28047
3832,28131
20356,40864
18888,41371
16980,33653
9286,41443
8741,41699
18196,40121
5857,36847
4377,30084
21777,32707
24194,27906
8964,37067
20484,29279
25584,38345
18722,32063
3096,39368
61,28582
24633,33708
15055,29759
26506,39912
309,36688
17203,30754
5533,38490
4880,34012
17791,32679
16636,32988
27533,41270
15854,40810
11885,35821
3042,30078
3926,33410
520,35750
6082,28309
18163,33459
16559,29010
21957,34037
26860,30098
12426,28400
20448,31078
21156,35954
2475,36189
18120,29451
13744,31300
9243,38575
5491,28743
360,42118
3833,30918
12351,32147
5476,32307
20949,38585
21245,39837
11380,30508
26832,39442
24860,35426
6873,40060
23638,31800
3994,28184
8962,31687
12355,34924
14295,36891
16273,35912
11376,29759
5429,29497
15514,41154
13085,38072
22530,39258
16198,33149
25431,29385
25572,33477
17181,32666
10790,30574
15173,39916
6810,31417
16161,27791
23095,31187
2834,34290
26287,37492
16899,36752
21924,41152
24379,37484
7897,28886
10162,38913
7410,36653
14834,37923
3775,33544
21384,35916
2546,40922
3699,30638
12959,35692
15656,27710
4704,32916
19500,29252
3146,32895
14411,42245
8479,30552
8303,39961
3550,37498
577,35543
23763,40350
16006,34498
3856,32140
23368,29942
7085,40550
11219,40637
25622,40680
26707,33086
21023,32168
2595,30526
16791,38128
6840,30441
6129,32004
6490,39825
21778,37147
8334,30116
5681,36894
6901,40106
2381,37233
116,38964
755,33947
13327,32118
26045,30085
10508,31677
24001,32744
4698,32306
5433,31911
1936,30034
24675,42131
16761,34705
14610,32284
21924,28457
11445,28065
4045,28826
9327,39784
12115,29228
10738,27996
14617,34868
21160,29158
9908,30987
6850,29704
14692,30156
2695,37135
24059,28224
7666,27779
20942,32663
22376,32658
18542,32708
24341,37417
4118,33212
23807,27758
25114,31317
14843,31177
7391,28326
1522,38611
20417,29182
2130,33082
22219,35166
6943,33236
23577,40417
12563,31674
3295,33812
17370,42381
26063,36570
24257,37058
18257,40047
14933,36703
26896,41830
18419,30446
13015,37237
13473,32974
22759,32476
18924,30630
18221,39805
17621,34327
25470,28319
5041,30415
12291,35044
23247,40321
18546,32678
17544,32427
3887,28293
8505,38563
12188,30613
12825,33811
19937,33523
11758,29378
13211,36954
11702,27956
5774,35889
14313,27734
11020,28679
17392,36424
11021,42152
4827,30953
17827,40331
9032,28764
1811,36831
17278,34040
11598,32657
27460,31648
18969,33843
7089,32613
4374,36180
21311,29422
15932,40642
12598,28336
12505,41834
8881,40015
285,40306
21378,33148
11059,41985
7778,36543
4946,30942
1358,31284
23716,38624
24651,39046
20970,31382
4372,32748
25146,40558
6922,32983
1661,32885
2725,37775
17649,35964
15433,40305
18221,28838
11574,40557
3669,29391
21554,32551
5047,37605
21693,32419
12001,41029
19754,40151
17632,38833
23000,27930
25233,31950
13264,39762
25828,38805
9950,42137
15047,41278
12964,35653
2865,38073
8203,32452
5339,33912
11989,28887
25188,32788
13501,32824
15534,30161
17011,29411
9887,30239
9764,36575
23065,33366
6243,30833
