8285,39200
337,35674
11832,35130
11010,36655
6422,34661
11083,35624
11945,39711
8604,31780
6233,40007
4346,32562
16519,30006
1198,39742
5330,32644
5730,33173
11920,30248
16325,28294
21898,35024
4032,29450
17186,31022
8011,35734
5475,28318
20939,34306
19009,37477
16221,40331
18949,33597
11549,33027
2906,29185
10343,36393
3909,34449
6430,34457
25505,35198
8778,32847
3161,34700
23589,39151
2628,36392
24435,39940
22143,38096
1012,29172
16356,29149
7162,28907
13100,35224
20281,37388
1105,38610
7835,32799
17883,29748
11196,35937
6897,38111
19935,33685
3121,31045
9748,28506
20273,35196
21824,29511
17607,38066
277,32283
26069,28395
21739,27811
26986,34913
25130,34496
19862,38462
21387,34853
20273,35196
15979,28369
16343,31972
22996,36420
11379,35015
14599,39532
11159,36380
1570,30958
3332,33699
3430,36029
26200,32223
8394,33428
6162,39459
21073,37654
15288,29684
8255,30262
4720,37930
1794,38492
22533,31148
16018,31478
17212,39224
20626,38272
21986,38735
23387,38372
24801,34001
7711,36042
11146,35177
2067,32416
27597,35159
3087,32473
26731,29651
19790,28057
14604,38409
24007,35428
2037,28270
25556,34395
17259,30837
6288,39537
911,38970
3928,35700
1539,37153
5041,32614
25728,37195
25623,39977
6653,27678
16919,33402
25249,36396
6043,34128
5078,36830
14138,34790
27599,37958
594,32304
4182,28511
6758,37690
18787,33587
734,31123
237,32270
16026,31481
11372,36267
6466,39233
9746,35049
26060,37679
16380,29006
9498,35403
12567,38641
7990,38443
18037,33542
3014,37601
14908,36931
6215,39708
16899,40012
7967,35907
6348,31334
25220,34739
16061,31021
8458,31262
23319,34762
18542,33572
16728,34814
17910,32114
4939,31450
26461,34082
4670,36135
12322,30833
5577,35795
11392,35862
6701,30907
14459,38697
374,32285
27111,34124
20300,36012
18092,33549
2429,28287
3782,28076
3217,38753
13813,39261
4077,35670
15399,29804
6741,28811
3780,32169
6298,32713
83,29459
25395,36027
15404,33286
6062,27811
26347,32253
7833,36486
560,32297
23760,38155
17896,31396
4224,29143
5967,34232
11582,28605
1376,28217
16767,31578
2455,31519
26775,37127
23590,39152
3534,29488
8885,35675
93,29670
9575,39506
2723,32454
21545,34968
10682,30452
27111,30067
359,38347
17256,28044
21493,35527
2876,36299
10505,39560
6279,32712
17916,33528
24114,36307
2021,30071
11811,35521
263,32279
1374,32347
12179,33067
26982,34114
654,35453
3332,33699
17596,31163
24841,31297
20841,39727
4652,30622
10169,31536
12428,39168
16862,33398
10414,36772
19294,33638
548,31371
4624,35935
1611,29476
8534,29214
19782,39737
8018,36284
8713,28543
3572,30285
22733,29905
20720,38508
9274,38207
15749,35131
9397,32896
24991,35114
13753,30649
8150,32814
4042,32541
17599,33492
22779,37767
27497,30997
26875,37921
26220,34909
12187,33074
6841,36504
14083,28120
21726,29879
21185,36858
27498,30994
26745,34100
20955,31648
25712,38349
4798,29584
21806,36001
16462,33354
11056,36367
22828,33853
10847,38999
13389,35467
24782,33999
14009,33181
2298,32433
1487,29189
21249,33057
3721,36943
9942,38200
2922,37221
19578,38903
14102,31059
8874,28202
14428,30019
4221,29143
5248,28276
16478,33356
9770,36300
19673,37975
18908,37816
24906,28177
354,37204
27182,28747
9617,39866
8913,37731
12520,36589
6890,32748
18119,33552
12410,37117
4340,38856
3028,31089
15312,35493
17846,33521
16559,29525
1805,28322
12962,35299
3514,30701
18340,30172
13023,34732
2779,38269
9753,32930
11583,28605
24853,28679
14541,28899
8760,29106
17127,33420
11540,33025
4264,36207
25932,34061
3029,31093
1946,35259
4833,29302
8225,39936
24288,29127
23050,34554
24059,30784
13131,35923
26189,38677
21047,39571
23597,39684
5683,36211
12496,37985
20359,29047
18562,36056
1979,36242
8934,32857
10678,36445
13819,37976
2044,32412
20441,31393
19029,37843
5559,36369
6103,36323
4331,30871
27186,34129
17665,30662
3143,34898
25789,31468
14113,39858
11530,33020
5589,34978
20499,35711
17388,29645
10395,36159
16325,33340
21695,29981
14271,28546
8804,39777
5150,32623
6209,36835
15793,36710
9380,32894
5335,37425
23644,35003
22432,31055
24315,39341
22074,33790
22682,33840
23884,39326
20038,33693
22514,37790
16991,31427
7478,32782
26745,28283
23060,33871
4270,39425
13726,39484
222,32267
23489,36567
13392,33126
10858,32996
7946,36574
25815,34046
23781,36223
5422,30317
16248,37829
25497,36134
24970,35035
18975,33604
308,30574
18501,36572
22734,28805
1092,32333
1822,37619
17286,33445
18071,33548
25184,36804
12185,33073
16447,39441
26380,36911
15342,35241
5220,32631
17375,35451
8197,31847
19167,34755
21992,30866
11059,36360
15376,37991
4071,37346
7548,29738
7238,30175
26088,30698
13792,31944
21373,38506
7670,34400
22533,31138
20469,34797
20134,28698
14761,29021
7742,34511
17221,28318
26924,29553
1845,32396
23752,37955
16914,29836
23003,35648
5319,38122
23731,33928
16732,34816
2961,35566
19954,33687
11694,36761
19896,35799
558,32296
8188,32819
21293,39568
15338,33283
24214,35098
15081,35857
26703,39800
23116,31061
16347,39904
10109,30836
2024,32589
200,30229
14668,38625
17840,33519
16482,28839
10920,37720
8997,39009
17828,31810
21136,36450
10858,31773
24964,36039
17511,28085
10750,38324
26392,36472
23805,37470
19192,31920
13471,33134
19110,34424
2964,34740
25622,39975
21367,39267
23097,33879
9646,37144
1795,38493
16900,35359
6120,28794
26781,39790
26283,38732
23693,38512
25082,34022
19116,31819
22433,33826
18933,27951
401,38056
7661,35112
17917,33527
24371,37804
14106,28089
16004,30888
14805,33248
24723,39417
24520,30412
18107,30939
24646,30796
23904,33949
17204,28497
20565,34588
13034,36287
6118,34654
4102,40564
21744,37662
14107,33200
5574,35710
24817,37939
25044,27761
5906,36547
14303,37497
25527,34394
4629,32571
5717,32675
18841,29110
23049,39448
10399,36133
6145,37724
17034,36570
367,32179
5029,37383
23016,28391
6875,30591
21561,35917
19055,33616
14988,28476
17018,33413
5922,28006
10172,31543
8753,28676
17715,32502
25861,28275
26187,38676
15405,41296
12194,33076
2692,34649
308,30574
19657,33672
25609,39600
18173,39002
26148,29194
15957,33307
12656,34541
374,32285
2333,30857
3887,31296
2194,32425
5935,32688
26909,38131
14992,29955
6932,34597
26819,36503
11399,36765
24438,39300
21848,38037
1807,32206
2585,34991
19069,35415
25177,36362
10245,41453
24521,33986
2575,35232
4880,32598
16483,34838
8533,30551
1689,28762
8880,31267
19819,27940
10221,34934
8883,31269
17587,39577
21332,35399
18919,37295
27020,34118
11331,35352
16131,31554
7162,32759
10147,36619
14244,37562
147,40936
27042,35691
25139,34996
17145,33427
21246,30197
26075,42400
11580,33037
2870,38280
18604,35536
16881,39008
26497,34086
13004,36849
427,27889
14860,30848
4179,32548
23076,33875
23506,38501
8782,28596
18495,28416
11046,34742
838,38684
18710,38388
13250,41202
23647,35002
14428,33220
991,38090
272,38650
6244,37746
9256,32889
5752,32676
2721,34029
3768,32511
13933,37536
6263,32710
9421,31287
16175,37468
5160,32625
3767,28297
25929,39607
2194,28712
27364,34155
16747,39265
21155,35135
22237,33812
5221,29131
5747,30404
18785,38825
8424,39863
80,29683
21468,31531
7053,35295
23078,30214
22187,41351
22230,28955
10108,32945
14843,33251
4292,37131
289,40860
7190,32765
7731,34328
19572,33666
11761,36384
10972,28122
26269,31201
7015,34435
19371,33646
22051,27895
7360,31692
3205,32479
17580,33490
9555,37266
25396,36028
20039,33694
2840,39594
18017,33538
26413,37872
18276,29720
19118,31819
22237,33812
12000,35722
11092,34885
14974,36998
11626,33042
18257,36812
17540,33481
3958,34475
10895,29255
9475,39145
5173,38570
13302,35554
5156,35388
165,37706
18058,33545
22519,37478
13426,33129
19922,35819
9031,30915
19598,35692
13959,28566
5040,39457
1184,31506
10546,34859
11728,35202
27504,31031
222,32267
10157,38874
5907,36548
742,34913
13506,31251
18701,33581
23008,42004
1709,27941
25230,35926
21251,38901
3356,30220
17886,29894
16144,33326
18797,40041
23757,38157
21992,33784
3891,34651
27102,34122
9186,35491
17128,33420
23530,33914
19663,37567
8407,35575
9473,39144
15536,32982
25041,34016
23589,39150
7894,35632
11976,35362
20040,29794
1070,27954
24283,38380
21165,34255
7652,35148
21423,35775
2578,34583
2235,29816
17887,38854
12774,33113
21899,36739
27404,34161
4477,37298
3168,34931
9675,37275
23586,33924
1103,38613
487,37253
26611,32955
3258,39124
21866,35155
16340,31776
25298,35830
27217,41773
11551,29764
14469,29500
13313,35585
5898,37665
635,41105
19287,33636
7083,32750
2386,34845
8280,32825
2003,30329
24908,28177
6759,37691
9651,37149
3604,37715
263,32279
11796,34703
15482,40972
18206,28103
2335,30857
6874,32744
1807,30202
17462,31290
4130,39082
24570,36948
14297,36546
3040,32187
8844,39700
14802,38959
13017,35543
19067,35413
21257,31642
17081,37546
11121,34694
6494,29704
3610,39915
13959,28566
18175,39003
682,31034
21890,29060
6974,39783
23072,33875
23230,36447
7661,35113
15499,37624
19455,29226
19760,33678
26670,28936
18735,33582
3943,35817
20875,38393
8325,37271
13792,31943
5717,32675
252,32274
23421,27869
4550,28614
11772,34330
26464,34082
15969,27851
26704,39803
12528,33099
6813,34937
17956,27737
19984,38742
17116,35285
14106,28089
14679,38768
20148,36980
14820,38126
6437,35240
541,39240
26464,31588
16218,31441
27308,37682
11674,37216
18092,33549
16609,33373
8685,37229
596,32305
4539,31883
25243,36920
21140,35246
2450,32447
3816,32522
1817,36407
11923,34752
16746,39264
16516,30006
16892,29414
27498,30996
23551,33920
10463,36535
24656,33994
22353,31608
17258,28046
5105,32616
682,32312
7982,36149
10173,29591
7007,35798
9477,37893
10286,36749
11403,35803
14625,39705
25399,34461
25317,35255
16941,33409
20994,33734
8538,33233
24428,37678
2170,32423
121,35458
25024,35836
9642,39716
12650,35943
9977,39118
19272,39046
27186,34131
13998,35770
4444,29660
24267,37509
11575,33032
13357,35863
13754,30145
16479,33771
9109,32881
18456,30697
30,38196
10936,39925
12233,31212
17199,30723
1505,31584
15825,35291
45,31764
7161,28907
16577,30514
10783,28509
2275,32431
14018,33184
25723,37505
16610,28098
3114,35959
16188,33329
11271,33014
25772,39154
1029,31128
16594,38094
19052,33613
22864,39659
6319,35672
1223,32342
12052,33054
27199,34132
2541,32453
15076,33266
6348,32715
27184,34129
2622,35248
2485,32452
1008,28628
14364,37647
17794,33509
11172,34972
7766,36853
24180,31051
17131,38061
14215,32206
14492,33230
557,31805
25644,28369
571,32299
18286,38441
18231,33556
8394,30359
14121,36411
22297,33817
2984,38526
26784,39793
13734,38240
6,36540
7229,30164
9694,32029
26831,34102
14942,33258
21462,33763
8107,35955
3676,34489
17606,38064
13527,37659
14996,37602
19706,34765
4308,32558
13282,36656
4850,32592
17745,37097
20507,33716
1848,32395
17500,33473
27307,37681
18252,34878
11057,34976
21557,28391
11679,39620
22746,33847
24476,28862
2927,39661
25378,34821
27504,28270
19178,35612
8309,34577
16831,39106
18304,38596
24875,29999
12029,38860
26482,37074
56,32251
1681,35066
3733,32509
8642,37747
23272,37762
294,35054
4749,27646
19164,30735
10876,33002
23347,35397
1703,32373
25435,35883
14740,31885
17656,41429
13551,39435
15012,33260
11238,36075
2163,32419
3825,32532
1885,32397
7695,34896
1821,37618
16960,31619
21227,34339
16576,33367
6739,32736
24391,33976
8409,38931
927,36035
6814,34938
581,34404
13821,27957
15939,28868
17033,36569
16353,29987
15549,33293
26088,30699
24961,35189
23784,35312
22775,38267
7712,36208
3395,38500
17379,33462
18735,28587
12903,36154
18741,38830
26361,34079
16889,29416
19226,36095
21809,36002
16837,29318
27043,35690
2784,32457
11905,33049
15740,34675
18771,31314
16769,31572
18473,34440
11386,35542
16496,39691
13636,38996
14992,29955
24783,39759
24537,28974
12559,39164
17819,33517
24894,30593
7529,41600
26184,39335
22520,37480
6186,37060
20405,37940
17543,33481
10586,37934
7748,36047
11735,35741
485,30000
19606,35235
6203,36963
23288,29596
4926,41992
13167,31490
19936,33685
25719,37010
20918,39422
245,28411
7552,32789
7738,34713
26004,35796
17432,33463
8674,30088
19072,37623
11186,34948
1647,30813
6429,34456
9010,35552
5938,28791
16710,29881
26563,39187
20584,29546
7123,38626
20387,33710
19899,36088
2407,40646
22504,33830
23427,33913
4233,37639
16961,33412
22530,31138
5132,30747
11530,41657
8403,32768
8338,38576
22075,27865
11988,35101
9,27746
8912,37730
12522,33097
10214,34378
5627,39116
13068,36341
21169,34780
15454,31559
24517,36894
24995,35033
9109,32883
10801,39025
1228,32345
4472,38083
9090,38183
18608,35914
1914,34656
27102,28588
26285,38734
19935,33685
25281,35793
17610,38065
27247,34141
15636,41461
9359,38314
4749,32584
25047,27756
21918,35221
7928,34250
17109,29145
25268,35924
1508,31584
2968,36327
21463,33760
16658,31234
3822,29633
20295,38916
20686,29907
464,41339
21464,35842
5713,32672
5623,36399
22237,29805
7883,34715
22379,35557
22986,27709
22353,33818
20145,36979
4701,36406
6195,29667
844,32319
16507,33360
18284,38440
17898,27811
7161,32761
17737,29818
162,38846
1140,32335
17498,33472
6094,29067
2352,39062
2986,38528
7547,29734
14781,33242
5135,38343
24648,30796
21568,33768
23499,35412
15200,31511
10221,34933
15307,38589
24194,33965
11637,41085
11007,34922
15027,39330
3710,28407
970,36834
2906,29186
26608,29695
11481,38730
16640,35418
21253,33743
11308,34522
12413,37120
5126,31346
5474,32658
5497,32661
17601,27819
3572,30285
14554,31381
17259,30837
13855,33157
9270,39094
18499,32826
21253,31299
2787,32457
13593,35197
18870,27875
9,27746
23254,33897
23719,33925
1472,39685
21286,39313
22067,36954
13094,34299
26019,34065
16866,33398
11501,36778
2572,35629
19799,31918
9996,29077
26746,39641
13932,37535
17186,33433
24613,39193
23652,36528
11100,36798
19855,38024
26682,34092
4739,32580
681,32312
25965,29433
4140,28878
11359,35085
13397,38073
24288,33966
1723,27685
21747,37061
20948,37355
8282,31491
18360,38783
25519,35812
21930,35881
9660,32921
27120,36971
987,30198
16605,32387
12819,41011
14073,38791
2124,38555
23168,39533
20663,37579
14808,29672
5738,39018
17855,33522
3997,37717
8971,29349
24148,36289
6265,32709
5484,42171
1146,38727
17487,34914
21715,31830
2299,30048
5140,32622
3092,32476
15079,33266
10173,32951
21260,31642
20387,33710
2044,31434
19311,30587
2757,29372
10635,30828
8534,29214
5816,39296
2098,38770
8005,36350
21897,35023
24414,39565
22829,30825
1917,34900
16754,28707
13993,36036
8169,29285
24280,34653
21468,31531
24307,30336
7556,32202
23327,29784
22090,34319
20427,37982
21690,37967
12348,32226
16760,30409
7680,35021
15201,33276
24906,30401
20409,33712
24801,34002
13892,31087
20523,31645
922,34893
9777,39076
23254,33897
13748,33145
26967,28573
10391,36131
34,37915
16599,30741
8151,30971
18119,33551
23871,38722
3788,32517
17292,27866
2637,35216
18933,32467
16355,28648
582,37260
26712,38513
14084,41319
4325,37454
16177,29576
10375,35331
5102,32615
24179,31048
23570,29715
19707,34765
20092,32140
27321,35494
17742,37257
11777,35940
20582,39226
7228,30164
18394,38424
17543,31372
9020,34634
8925,35573
17276,33443
14396,39605
24225,36276
21861,33783
25962,29433
2887,32459
22732,29903
16936,33405
1549,39188
22170,37797
594,32304
21682,35281
4095,31237
16889,29410
12216,33081
23873,38725
7788,32795
9646,37147
12243,33085
21288,39314
24593,35639
23429,30447
3016,31227
26924,29553
12955,31724
271,37244
22918,31041
22944,29550
22863,31790
25030,34010
8604,32839
25729,37196
15783,36727
26344,39679
18951,33597
20519,33720
22938,33858
26491,35449
18949,29124
7929,35076
4572,40806
5041,27737
11268,36997
2429,28287
15618,39182
13147,33115
15411,42270
167,28261
22674,37296
23409,31410
10864,30179
23008,42005
11936,37108
23585,33923
7984,31315
26996,34349
11523,27911
20997,33734
2161,33399
23768,35580
3049,29572
632,28717
18488,39799
11629,33042
1900,30128
16856,33397
2088,36846
17846,33521
9618,36476
24394,38745
12052,33054
3618,31759
11171,34995
19316,37559
21864,35154
13866,33159
13775,34870
6453,36153
3884,37710
1913,27969
355,37202
21721,33772
15004,35408
24950,36162
9574,39504
15966,27853
15838,36226
7381,36158
14977,37000
27212,30043
10265,38074
9710,32922
16603,30740
24997,33714
5418,39922
10886,28259
540,31727
14223,38368
12662,34705
12203,39444
2693,34650
7715,31197
15358,37426
7151,36940
21352,31685
16349,28414
4041,32541
22700,33843
12979,34961
8435,39880
23176,33887
16530,31223
22827,30825
12546,33100
6425,35568
16018,33320
1448,39196
23930,35659
15950,35663
4659,30624
3089,32473
23992,39666
22780,37766
2273,30375
10103,31321
18829,29562
25341,35794
3423,34219
13903,33166
17006,31233
9761,37233
6457,34453
8432,32827
17646,29373
17451,33469
6579,30646
7358,31691
20013,33690
11476,39452
13961,31850
24116,30769
22882,27740
10841,28435
9035,32863
13639,29063
6721,31721
6959,35912
15296,28181
7342,32161
18757,38878
9397,32896
13637,29063
23313,34448
12589,39412
7952,37909
24815,37937
14610,40027
4861,32596
6142,41151
17335,33456
24802,27810
16633,40005
11523,33017
9637,32920
8892,32852
25863,28273
8279,32824
20098,29101
5075,36829
1226,32344
19164,33625
20376,37069
3555,32497
24476,33977
5161,32625
23533,33915
27096,37889
6812,38749
17219,28321
23794,33930
407,28657
19700,27662
11625,33040
18711,39845
25576,34603
6232,37989
25285,36107
2340,30960
21000,39400
6119,28794
20098,28979
18530,37521
15933,38411
15264,33278
22093,30746
17597,31163
27022,34118
4662,30621
374,32209
15764,34374
15977,28073
11480,38728
10075,37086
148,32262
521,28995
16478,28834
18887,39990
25101,35077
8108,35266
23589,39150
13469,31052
12352,33095
27207,34136
1111,39586
5261,31191
5284,32637
23279,33902
20554,29542
17279,33444
10514,29971
18542,33572
11742,34639
25800,34043
14496,35509
27286,31230
1926,35168
9276,38209
6911,36169
3547,28984
23684,40008
10492,32955
26045,34069
18571,34724
11703,34393
5176,38575
11358,38688
23714,37395
7050,35010
22530,31148
13597,34447
15329,36263
17486,34912
22051,33786
819,38193
7823,39503
2044,31434
6772,31999
579,34403
22654,31017
27369,31858
27206,30107
1435,39839
19210,31469
10073,37089
83,32256
19103,28187
16400,39159
17704,28689
7580,39251
13621,35864
17423,36523
8734,30543
8429,31421
7739,35753
12982,35067
4720,28374
17597,33491
6613,35212
18806,36587
9657,32921
26733,34099
26740,28283
16615,33376
25349,35831
10752,38325
11629,33043
21256,33743
18146,34828
3733,32509
7101,32751
1847,41365
6091,32702
13812,28583
5625,36400
2359,32440
14186,31365
16911,29832
15442,37290
15071,30861
23163,29473
20283,30281
25213,36791
7225,38635
14595,39527
20048,37674
9439,36183
21262,38296
16837,29317
20032,39541
7899,34415
23429,30447
24788,37307
4739,32580
10268,38078
25950,34314
18119,33551
10409,36096
25477,36259
3019,37456
3603,37713
14740,31885
18519,38693
7012,35693
25638,34033
26067,28395
1939,34302
26007,35920
24894,30593
12588,39403
3924,35117
24535,28769
4793,36831
19415,37545
10911,31173
19426,38585
17999,36553
1944,36257
11523,33017
25447,28365
6751,30137
17636,38092
20748,31368
3020,37457
22940,38546
26816,36502
14018,33184
20215,41919
4950,28264
11530,41658
14970,39960
24386,33973
20038,33692
80,32254
24624,35643
17381,29884
16992,35469
14807,33250
3534,32495
13558,37079
24916,36521
25819,34046
226,28789
15873,38109
11024,36753
2450,28918
11969,33052
21154,35134
14438,37968
13685,30929
947,38330
22429,33824
6945,35721
13975,33175
1328,31265
13358,34516
3159,34812
4368,36296
19567,39246
21538,36795
12467,38299
26748,39642
4917,32604
18395,38425
20134,33696
15932,38410
27113,30067
24112,36306
24449,37168
1723,32381
9443,28004
7459,38423
11167,34998
2166,32421
23409,33909
19735,38885
10585,37933
20288,33701
7083,32750
16225,27826
26976,29002
16224,29958
8655,32061
6755,39148
9021,34635
11677,39615
3176,35970
9268,39092
26675,29269
26815,38303
3189,34495
13519,28769
844,32319
8780,29657
8254,32821
20006,35655
12483,39788
5160,32625
22257,40050
13504,31251
16350,42149
25447,28365
17916,29952
17511,33476
12971,34629
25883,38759
1894,32739
7104,32751
15702,38305
17184,33429
12164,33066
15069,30860
967,36833
26400,30838
16168,37876
18194,30091
26045,34069
17341,29887
246,32274
6969,35699
18276,29720
11225,34586
9312,35046
6570,39384
13879,32214
7935,36563
4206,38530
17926,33533
23378,37190
25216,34691
19224,38788
4906,37380
3013,31386
12252,38339
17286,33445
4861,32596
13173,33454
21274,29142
24575,37186
19264,33632
25086,39559
4466,38761
17199,33434
12957,34802
16705,33382
24590,35638
7681,35022
13491,33576
10067,27660
5223,27962
20451,34817
10174,32951
12018,30840
7514,27811
14007,27980
719,32371
23016,33868
19693,39805
23078,27958
22532,31142
5937,32690
16609,28098
7994,39602
11792,35858
20409,33712
21314,37914
14054,33193
1523,31803
2740,36355
16635,40006
26331,39461
15721,38033
25858,34052
12068,35713
26636,31120
17916,33528
19113,31726
12181,33069
22334,39209
12640,35064
16430,33350
24922,31238
12332,33092
5866,36115
14103,33198
4696,34428
12837,39997
4812,38702
5845,30240
17957,27749
25455,35239
27548,28383
22731,29903
3767,32511
2636,35215
17498,31108
12781,31374
20206,35396
17222,28055
8780,32847
2636,35216
14078,39068
26922,29553
15645,37431
19760,28623
23942,37142
17436,33464
6086,34820
3845,32538
24667,40020
6698,30726
6898,38113
11165,34465
20335,29795
199,30225
2359,28769
17047,38169
5112,29861
23209,31767
17202,33435
25079,34020
21491,35526
24876,28828
19482,29816
19695,38353
13041,34622
7238,32769
16600,30740
5834,32683
14676,38765
22985,33865
562,32298
18931,33595
25926,34059
10408,36103
5861,32686
21660,35351
22700,33844
5831,38494
6654,32096
23163,33884
6926,36051
23531,31713
3779,28080
12104,33063
9051,29471
5448,32654
23304,35040
6733,30139
3606,37714
21994,28961
9014,35522
14488,33228
8064,32810
20207,29999
19485,29816
11671,37215
16599,30741
20876,31382
25798,37171
3356,30220
4572,39888
8956,35604
12993,36852
21121,33742
10110,38604
15087,33271
7978,32804
25334,35152
9385,31351
11000,36368
10911,33502
27429,37208
252,29945
20523,33720
7514,32786
3754,34750
9725,38289
15069,33265
12830,36425
15773,35838
3375,31305
12590,31739
27613,37926
3205,29676
10654,28707
3525,38685
19512,33656
15587,30028
23507,38502
17469,35732
23904,33949
2637,35215
7909,39252
14497,28373
682,31034
7101,28705
9268,39092
56,29798
999,32052
22059,37633
169,37707
18825,37293
286,35607
24759,33995
5472,28670
175,31194
21408,34362
13904,31405
22530,31142
18264,28330
11563,36825
17117,38675
13504,33136
4456,32565
14942,30052
20437,38470
13464,37516
4911,37309
1480,32360
21600,28538
940,28241
18254,35600
1734,27694
8959,30722
13424,35597
20951,33849
21356,33758
19396,33650
24987,34811
12102,33062
9547,36295
6582,32719
6265,31352
21315,37916
15979,33316
17811,31635
27127,39487
3736,32381
13936,37538
22251,38603
24330,35476
13431,36944
6612,35211
12241,42329
6455,34450
166,37708
12055,32016
17184,31022
21490,36077
572,32302
13718,38859
3379,31304
10812,28481
1022,30395
1142,32336
17696,31173
15667,34786
14766,30097
13624,35848
10131,33546
2019,27930
6580,32720
7983,34195
6033,34919
3666,30803
11040,34320
22532,31148
10857,31773
20577,39944
1910,32399
15580,39333
23709,38517
19978,39877
6579,32719
25327,34971
21027,29964
12571,39167
8285,39200
6272,37418
4558,30047
9479,37894
6874,30591
26922,34105
11664,36312
2442,32443
7029,36083
10810,37095
2843,32755
25465,36611
17329,37036
14975,36999
11570,33030
2442,32443
10210,35030
12672,34543
24371,37804
26498,34086
10152,38793
18975,31579
13436,37792
17124,40035
10682,32974
19484,29819
15422,41825
3257,37587
22365,39985
17162,42291
16307,36636
16754,28709
4739,30313
5947,35463
17127,33420
8515,37096
4315,38954
19595,36740
17563,33486
2270,39578
2163,32418
27472,34168
24786,39765
7250,35419
4268,35341
12741,37726
22350,33818
22422,30327
10072,37085
1485,37911
21156,35136
11707,36151
923,34894
9307,37748
7238,32769
13456,36404
18787,33587
10332,35545
21989,30185
8174,32816
10488,37264
8050,36559
18343,33562
9265,32891
27501,30693
25634,39628
27618,34175
13519,33138
4347,30775
27543,34174
21086,39507
14634,38717
14395,39604
22501,33827
9537,38285
24759,33995
27296,30842
7867,37404
20908,33728
5945,35460
9755,28840
11632,37524
19787,28057
16755,33385
4067,39680
4679,34774
20878,31382
5198,36493
2695,38007
17034,36569
23531,31713
17,27647
19135,29033
27098,37890
12539,28437
15404,30330
6632,41796
2209,35685
17242,31675
2538,32453
6497,31547
16418,38542
8148,32814
2362,32440
693,30749
6767,32739
24998,34376
20629,38273
11987,35101
16069,31377
20538,39271
17655,41881
3321,36310
21259,33745
6074,27755
9855,31661
20708,39160
5166,29775
21196,36105
26364,34079
10113,30824
5260,37434
34,37915
2632,34490
27117,40040
3912,34280
12450,38892
14269,33213
21478,28725
15202,33274
20690,34202
21228,34337
17033,36570
3160,34812
12930,35915
19379,38763
7280,35310
13754,30145
9256,30759
6041,32692
25019,35323
15225,32108
990,38088
10300,35550
3998,27679
9835,38514
12677,34208
6732,30141
20875,30214
1306,36836
1885,32397
24224,38680
13524,37653
7672,36146
16684,28037
18279,29719
5853,38035
24813,37590
3840,30885
7786,32792
11680,39615
21671,31242
14066,29614
17070,29940
8219,37508
27009,34115
23579,33921
20207,29999
25117,34698
11571,37022
14398,39689
11317,36004
7469,34776
11553,27717
5043,32613
18287,38442
1945,35257
17237,34667
25474,36024
2479,30353
12083,39258
3051,38081
2042,32412
5716,32674
2838,39593
6916,35888
4867,37415
17130,28156
18682,33574
18364,28213
20413,37642
21409,35619
1918,34900
8069,30777
14682,38631
14066,33194
12334,40401
13064,36181
12749,39513
18340,33560
23794,30509
24707,37180
14685,38633
13702,28056
6348,32715
12773,30934
8063,32808
21275,29142
4389,37947
17269,37487
13237,36465
23047,39447
5845,30240
22777,37765
16894,39916
27542,30033
14895,35551
14699,33313
13376,35982
3276,32486
21193,36802
6810,38748
25209,36723
1808,30202
6278,32711
6230,39873
11738,36337
26430,29925
25078,38105
1228,29168
9417,27655
15935,33302
12771,38943
23979,37888
7067,35833
9714,40327
18239,38988
21354,33759
3809,32521
13116,35119
6895,37059
1467,41002
6613,35212
17470,35733
1836,39855
1805,28322
6497,32718
23502,38659
15686,37526
25296,36261
702,30790
21144,34619
15338,33283
18361,38782
14070,38790
7285,32313
16834,29317
12946,36216
3543,38223
19898,35800
22248,38600
10940,29325
4139,32545
278,30398
27247,34143
15030,39713
371,30232
1734,32388
25925,38537
12967,34760
20998,33735
12220,28433
6205,36962
6262,31352
16519,33365
23823,41284
18755,38877
11843,34601
16460,33354
10507,39561
14669,33240
17066,34942
1826,38149
27446,29158
3035,32467
9979,39120
26996,34349
13020,35532
2561,36843
4758,35149
5668,32670
16434,39552
11415,34573
1703,28143
17022,38554
3494,34593
15585,33297
15285,33281
25242,36921
27212,30042
9443,28004
13695,39515
20430,37591
20144,35424
16390,36428
15721,38033
18682,33575
5983,31902
5897,37664
8264,38698
26149,39466
13001,36868
1478,32357
10335,35971
987,32323
12647,36111
18704,28893
23477,38798
11155,34920
10886,33004
1102,38609
263,31593
8432,31421
27187,34130
19043,33609
18486,36180
21937,36339
24515,33983
13904,31405
19602,34730
16862,33398
10376,36130
5285,28390
7891,35871
11096,35082
16681,39470
8116,35899
18353,31421
21748,37063
18002,36555
278,32283
25962,29433
17110,33418
1451,39195
8708,31877
21217,36856
11014,34506
18822,37292
7674,36148
24539,33989
4691,36536
9863,29544
22254,40049
13838,33152
3936,34466
8361,35555
8175,31550
12999,34438
6529,33615
6612,35212
496,28175
21725,29877
23786,35313
23801,33933
15502,35132
25962,29436
3520,32494
20950,32327
16484,34839
27248,34143
25908,39526
19958,41141
19320,38356
11919,30243
11497,34913
3283,28449
1847,32396
14271,28546
11028,35145
10635,32967
13384,35465
14003,32923
7961,35865
9977,39117
8589,37693
23393,41127
1651,39202
4347,32562
4753,32584
375,32285
23346,38079
24675,39398
16600,30740
18279,29720
23085,35714
14324,33218
26247,37319
5957,37929
237,27733
19295,36688
27495,30994
11550,33029
11573,37025
11177,35611
14929,33127
9785,30781
22134,38712
4953,37698
24391,33976
17267,37486
23475,38795
27444,29158
10776,32237
15071,30860
16592,38093
20516,37987
5062,35979
7835,31460
21941,36332
3062,37374
27316,37160
4252,28788
9447,34515
3109,37608
2068,32417
27127,39491
3941,35816
24646,33992
24512,33981
15828,35292
11413,34571
8255,30262
9247,39026
6739,32736
16504,29865
1887,28767
7463,30090
24292,35475
8879,31275
15523,33287
27068,30039
3346,39401
366,32179
8713,28543
7913,35953
4622,35932
224,30608
15304,38925
22458,36414
14007,33179
9554,37423
24781,33997
12989,36128
12053,33054
8017,35755
17918,33529
19227,36097
6074,32699
9172,36430
20584,33723
8003,36348
26547,31119
16366,35389
19455,29227
14924,39884
1913,27969
8893,32854
25295,36260
1897,36737
6273,37417
20232,38608
5837,32705
10025,30931
22245,33816
25185,36352
23143,35410
17099,29291
15105,37834
5602,35703
7023,34525
19518,33658
21782,39660
2779,38269
13392,33126
23808,33937
1737,27767
11680,39619
27181,39048
26977,29002
6046,34474
14485,38246
19575,33666
24576,37183
2576,35232
9546,36294
26092,28375
13158,33118
14362,37645
7895,35631
17354,28589
20011,33690
25863,28273
7190,32765
9637,32917
3262,28387
22939,33859
5680,42287
20339,29960
23410,33910
5102,29869
14544,33238
10131,30265
10637,30828
6875,32744
3786,38387
16061,31021
17188,33433
10508,39509
27022,29663
16338,33341
1918,34901
17811,33510
9455,37045
26675,32103
14819,38125
7386,32772
6000,38866
6603,31243
3702,39828
18148,34943
10858,38949
20293,38916
12711,33104
17107,33415
16071,31378
3200,35350
20171,30142
6144,37723
22801,30009
22386,39255
3897,36660
5421,39924
11677,39619
12191,33075
11677,39615
5886,35832
5749,39381
9712,32922
4205,38529
5284,32637
19958,41141
20294,38922
20913,40701
9863,29544
3761,37668
17133,38063
13706,37372
6633,29077
26433,29926
12498,36416
8811,37702
24710,37941
26197,36923
14957,30983
25500,34865
17698,33503
5411,31714
8971,29349
10626,38893
5472,32658
21061,31425
3920,35182
13950,34903
4310,31187
11962,37493
9397,28714
10637,30828
11135,35898
11582,33035
7187,30953
10704,38594
9198,36953
17257,28048
17599,33492
25584,35055
23188,36059
24922,34007
1792,30362
18036,33540
12076,36907
11018,35080
24226,36272
10860,38951
19419,36928
17108,33416
19291,28407
14773,35514
14079,32010
9211,29472
12564,38641
7155,38803
20554,29542
2093,31725
8158,31442
18088,33549
18344,33560
27209,30042
20463,34798
27335,29709
673,37101
18095,31152
1958,38167
13103,34729
4944,28169
5220,32631
7224,38634
1543,37577
4698,36448
24669,29271
13777,29451
5329,32644
24476,33977
18696,33578
10047,32943
23801,30349
7451,31202
16882,37226
19052,33613
26745,28283
3788,30322
10217,35326
875,38850
7662,35112
8803,39775
14500,31428
12714,33105
26177,30682
13177,36976
10575,37121
5249,39519
1875,32397
2240,36157
18456,30697
14194,35500
12560,35749
21889,29654
15961,33309
5853,38035
25797,37170
22432,31055
18582,35877
20409,31719
13841,30387
22658,29768
14227,27786
18951,29124
22007,31624
16328,36452
18468,39100
24298,39219
2612,31748
26830,34102
18975,33604
702,30790
23176,29026
13122,34294
1995,38335
16116,32228
6813,34937
222,30608
23292,31694
22935,29555
27524,37882
11555,30437
24685,39285
23866,38563
369,27689
24983,35203
5666,29666
20843,37984
19066,31320
6548,29851
27499,30761
295,37451
5338,38982
24535,33987
6878,27875
24004,41568
17090,31893
17354,28589
9153,28391
3149,36093
25418,36152
22586,28146
10430,32952
2444,32445
4855,35395
6015,38778
16578,33367
19985,38743
22750,33848
25233,35609
18955,31782
17840,29505
23553,29077
17145,33427
17882,29748
7871,36912
14942,33258
16383,33347
20152,35372
14453,30665
5666,32669
25860,34052
2074,38199
14359,38448
18866,33594
14266,31217
21835,37017
16705,33382
9555,37265
24878,29613
25170,36720
21374,38505
7451,31211
16031,29928
22533,31138
25133,35849
21277,28154
20635,39023
18829,29562
11942,39709
22121,39415
1891,34523
6967,35697
19586,39277
13181,29519
18490,33566
18113,37315
15243,38871
404,38772
14058,29411
26729,37491
26698,34096
11147,35178
15264,33278
4913,32601
26141,35058
25385,34342
3347,39402
36,27703
14756,33800
1480,30763
6681,30132
9808,32097
6867,38085
12811,35358
3953,35875
21664,37692
6806,39237
20879,31385
17914,29952
19222,38787
10512,29971
20923,36467
9420,31285
14490,33231
13147,33115
8454,35667
9301,30773
16588,31869
25859,29810
15764,34374
3705,39835
18869,33593
1675,35367
19789,28071
17562,33487
27099,37891
16253,33335
2920,29864
23076,30214
16179,40937
27113,34124
15302,38924
3809,32521
1570,30958
25126,36179
25553,35319
10504,40816
11410,35161
7024,34524
3170,36230
14266,33210
8585,32836
4675,35304
17073,38059
4399,39667
16126,35430
11366,35173
1009,29175
24301,39738
15028,39712
7720,35225
4510,38463
19724,35445
3824,32530
10562,32962
20390,37424
10816,32992
9860,29544
10387,36189
24846,35417
23252,33896
1544,32525
2070,32416
17475,30342
18279,29717
18056,29015
16355,28652
11731,34953
5497,31353
17211,39223
24501,38643
1912,40060
4652,30622
25003,36171
12997,36218
14910,36934
2870,38280
3706,30299
24109,28234
7684,34726
6135,34595
14184,31365
15139,37285
27278,34146
8043,39072
941,28241
16765,31563
18260,35787
7024,34525
15526,37773
5107,30370
16862,27803
10989,35029
13054,36009
23250,33896
21031,35201
20282,37391
20176,38141
8458,32830
7651,35147
10913,29641
5613,30617
7115,36485
27317,31655
15876,37064
20916,39421
8282,32825
18977,31579
10492,30716
7518,37030
7752,36374
10222,34933
23033,41309
7434,38053
10627,38895
1845,27779
4595,31894
3740,34823
10146,36615
19172,36874
116,31193
24896,30606
2105,37005
903,35764
16958,33410
1846,27972
14334,36250
11580,33035
6120,28794
2235,32430
23780,30732
15878,37065
24210,34590
17700,35452
29,27912
7918,34390
27206,34136
13610,39991
8899,36616
25819,34047
3877,38545
5951,37729
1533,34788
80,29683
27546,28377
12674,34443
25988,37965
14079,33195
21380,38022
16265,37671
10431,32954
21627,39079
2071,38197
15087,31708
17913,33528
2067,32416
7396,36167
9996,32724
11551,33027
16302,34683
4284,29093
6933,34599
15545,32197
18672,36270
12824,36402
2396,28612
13730,29165
6622,36200
11161,35918
8835,30589
4572,39888
10229,34664
24389,28429
13519,33138
3160,34813
3781,28081
23114,33881
23131,36967
6062,32695
293,35052
13148,33115
13969,29881
20339,33703
3030,28270
7624,35097
2432,38058
13709,31873
27546,28377
13721,30727
11113,36683
26462,34085
5939,32691
21750,39945
16048,34686
3926,35118
22070,31629
3546,32496
13044,34626
8461,32830
16027,31018
2636,35215
4856,32592
5128,29589
4797,32588
3208,29676
6650,32726
2070,31293
12101,33062
20907,29917
20968,31808
2891,29103
25512,34867
22461,28950
27179,39047
22621,39042
14699,33313
10819,32988
27365,30124
24375,37808
23953,28135
3820,30293
21894,36032
9132,37054
27374,39234
21111,34346
16901,35361
10031,30998
11586,33038
9084,32877
12902,36279
17794,33509
11313,35378
11903,40004
1495,42060
8875,31768
17352,33460
20578,39943
6271,37416
16340,33341
12438,36571
21274,33747
25789,31468
12609,35599
17341,33457
8023,35996
4913,32603
9342,29512
14054,29410
6229,39872
3035,27951
25239,36919
6208,37964
17599,27815
27224,37583
7919,34392
742,34913
16353,29987
22657,33838
13504,33136
1986,31911
20466,34796
4723,36329
9042,37943
9704,30582
5894,37284
9135,39591
14713,37827
586,37896
12240,33084
23530,31713
10628,38894
2624,35249
6698,30726
11567,38132
1896,36736
13766,39114
562,30654
22530,31142
17493,31765
11267,37002
12344,35336
15052,35656
2813,36358
5645,29179
16478,33356
11580,28607
27202,40842
21639,38864
16462,29882
24800,34002
9869,38975
11821,36345
7715,32790
17206,28501
5103,29869
9863,32940
8052,36155
6633,32724
24584,34463
8394,30359
17563,39708
13175,29768
24734,36483
10465,29780
15268,40957
25581,32684
4404,41995
4346,30077
25763,34425
14817,40600
16992,31263
6867,28785
1407,28090
11502,40868
760,29313
17306,32988
24197,41756
4317,31628
3304,32690
26368,37229
21689,40212
6479,40244
16745,29434
8895,37448
13664,39608
20743,40529
12939,28641
2808,31432
9445,27850
20894,35250
4232,34683
24226,33459
9118,36060
20494,36140
25108,34919
6829,29938
14569,35895
24736,41038
9482,36163
26073,32671
19894,33199
16210,29503
7059,40691
16344,39806
18639,38242
22197,39979
18226,38400
5194,29009
1120,42343
24354,41863
12061,36984
14952,36296
19349,37871
12971,31049
11976,38550
24489,33890
22785,28514
89,30495
25896,29345
20773,38936
20020,30987
15902,31404
4000,35387
26016,38156
1263,28477
21643,27666
25582,29798
16366,34642
23784,35670
5266,28319
11087,28621
24181,40945
1006,32531
1715,38989
21546,29742
15055,29632
11852,28660
21497,35233
16515,37249
8079,41994
5662,38317
6799,36564
4570,42002
20152,42057
6481,31740
23542,34480
5400,31173
4451,33779
13298,36368
2629,41350
12790,30708
26793,34565
18106,33772
7946,36121
26741,33801
919,30622
12576,31588
4211,30716
2242,36011
17102,40947
4603,40727
2188,35695
18013,28112
7471,28202
19543,31027
12191,32309
23636,35031
9635,41696
18050,41953
18604,38409
10061,33414
26900,36587
5350,32895
8179,32892
2503,39546
8089,32954
25737,40252
15885,35894
7548,32745
18485,39282
25748,37321
2738,37738
4673,31559
26340,30386
20511,28208
6240,28166
5149,36857
23064,39749
20579,29646
26936,42196
12858,29624
20019,28472
16691,40415
10628,41517
4694,37672
14656,37435
13697,40053
7017,35917
10743,29833
8873,32136
3105,40712
25882,40064
456,42176
23001,32836
19047,38006
12565,41497
9068,32853
16789,41990
3496,41952
7231,37587
20979,31225
5681,41020
237,39931
8167,29024
11092,28400
1397,39619
7544,41450
7566,36786
27021,29066
16183,42259
6204,28779
26009,37994
5550,33220
5550,34683
27048,31134
720,34987
3844,41580
25706,34822
20181,41230
19613,42207
9499,34320
16955,42391
25189,29138
25446,38751
24186,41363
16035,40378
12802,32956
1713,36772
11978,40020
23432,31828
14491,41337
5169,36608
8709,31875
299,32578
17241,31983
24039,39780
3117,38344
21685,39465
583,28428
6358,35062
14603,33628
26190,41693
4720,27944
27470,35579
2345,39969
9150,31982
2966,40439
17885,39137
4528,40360
15172,36320
8378,39205
13578,30852
22598,39911
7546,28791
10748,39800
22053,38656
21852,40763
13672,40820
16774,38506
18609,38306
673,36493
13193,33002
14647,36285
14961,39889
11318,31528
5996,37820
6430,30009
22921,37706
7827,36888
743,30729
3155,30887
22083,41420
19038,34201
24610,27684
7567,38633
2985,38094
11384,40287
9487,35479
4781,39808
12805,33574
17442,31889
22238,33856
11852,37274
12329,37651
24365,38596
23841,28115
15230,39416
11713,36357
24159,42093
25529,31514
1843,39979
27164,38092
25406,35435
17009,34525
23912,32646
24370,32037
2123,28542
4613,29715
26513,32371
16179,41743
8420,36391
17024,37365
2398,34968
12110,39127
26735,33923
15772,33924
6311,28539
159,32741
16243,33310
18434,28854
8601,34486
19117,27681
1113,40610
9900,39884
9575,28311
1215,28891
26898,29134
24852,29108
11481,30847
6791,38040
23587,40460
17398,28708
18073,28392
5129,42021
19687,38385
23328,28319
26528,39918
24951,35938
8450,39732
14891,30559
3038,36498
3259,41347
4522,42342
278,41374
3446,40891
26051,40432
4067,38226
20346,37074
16915,28777
24020,32878
14785,36557
15464,34245
15941,33872
22553,35828
1969,36716
4298,29699
9060,33676
12310,41026
16020,28755
4707,33650
13777,40300
27408,28662
22634,41765
23994,34787
18157,33180
13428,32277
15064,42277
11456,36137
22376,28924
22010,36392
25249,34132
24990,38298
11572,33742
7901,31796
2079,35672
20545,29107
15622,29718
18095,34962
26203,41277
17671,33027
22886,37416
1975,28633
11718,34021
11523,40420
886,38691
153,30300
10879,42251
22304,36304
24440,39633
23180,35946
6956,32658
10459,32986
19787,40480
21884,28453
23652,28567
4154,35765
12506,40333
27333,30208
24046,32423
5585,35308
1757,37571
3018,37504
1920,31264
22266,37642
6049,35052
26918,32344
7361,36004
14398,35858
23986,28773
10561,36934
9646,36157
12810,37658
15270,31784
15332,37408
19473,37327
106,36669
14509,35539
754,30265
9309,34710
13667,27755
13163,29353
9336,40795
25750,36909
3936,38793
3497,34327
7747,30337
7856,29350
17025,31350
8589,27838
26124,34856
9908,32693
2767,28559
9397,31378
26260,34046
15766,32627
12989,37407
11534,36901
10668,33275
17354,32952
27423,33531
19949,41563
2625,39854
21139,39884
6626,36093
11051,31503
16609,40620
19601,39439
16688,39718
577,32575
14391,34407
18468,29074
4127,31157
6477,41926
26591,34951
24370,33174
21226,41064
16750,39427
19328,28771
20724,30645
26930,30306
12404,34921
11674,33288
12001,39394
8892,30291
12225,31507
21345,37942
4980,34150
26816,29116
902,33610
5001,41799
12222,41268
24187,27758
8692,41092
21010,40055
5513,31770
10638,40358
3372,28863
25199,37042
1453,32400
16957,40124
25908,28659
10566,33159
7716,42193
19473,31892
1698,32031
4258,41187
18545,38971
1141,35687
22859,29137
3967,37648
25777,28532
25925,38034
13615,33190
4865,33424
9591,30710
8417,33981
17143,35591
6115,36369
5605,28127
21462,30590
6680,37004
9224,37933
8827,32052
10286,39911
4684,37942
1785,32395
19375,41417
25489,32281
26476,37794
4662,38978
12616,27817
8541,34826
9780,34574
18019,29232
9015,32490
16635,34112
23972,32137
13403,41404
9423,41964
10222,33514
17848,28303
15104,33864
9972,30677
7941,37118
1642,39258
18064,39467
14948,28266
14468,31120
730,27902
1396,36453
26316,36741
17695,30100
17876,38739
26380,38042
13439,32860
6492,35361
1067,31320
8872,28529
7710,28614
20987,30308
22950,40095
11251,39580
21287,38913
21344,40290
6192,39211
15875,32694
14550,34485
4625,33848
15173,31714
10939,37260
16131,30875
23474,36237
20704,33603
12571,28511
11692,33708
4817,37969
19281,38948
22886,30294
23592,38657
50,38620
23038,32467
23421,40378
1924,28503
239,33015
23575,33995
24356,33344
62,42266
21278,32648
22216,28809
13634,41445
24890,41172
12531,38618
22214,30201
1619,40433
5979,34869
10058,38027
4213,40960
4737,41780
15294,29611
8665,38572
21263,38663
21444,41388
21846,37420
16105,42405
20326,38573
6844,30345
4618,36106
237,36302
9436,38223
19669,35191
16051,37637
17184,37060
17760,41731
24049,42375
13264,32313
19482,38060
27564,36489
18462,40049
2112,31123
19826,36482
811,33110
6998,35251
941,33780
16222,39782
17527,28651
8509,35219
16799,36636
7618,39253
19202,39675
9685,42208
20814,41215
8944,34689
6746,32315
3421,37125
8466,28212
24440,40801
13317,31049
23613,40636
130,34291
4275,37279
22195,42387
12729,37482
6088,32173
12150,38171
25673,38862
12868,32740
24383,30230
4522,38209
8856,35088
8861,38456
23935,28888
23000,40255
3974,38851
2197,29992
16403,42230
1592,31555
13956,36789
16870,40269
22104,33669
23941,37915
1571,40566
20646,37758
9781,37973
20410,28340
19774,39515
25886,32194
13618,37990
25391,29721
27222,40919
19465,36582
5237,28005
11387,36074
16530,38816
16965,40225
8413,34487
10697,36239
6323,40323
8598,35847
22354,33642
17852,41345
16251,30972
22528,36689
9430,31370
17643,31577
5152,28931
10620,37970
13798,41217
11640,37605
4167,31935
10140,34974
14784,31588
5472,30996
23078,39834
13704,36505
25262,31170
7935,38821
14956,40162
2164,37186
25576,41587
4396,29254
22513,29696
17335,35048
22009,40161
5270,32968
16971,41465
12287,36781
14482,41052
2994,29835
9889,40708
3729,35847
23022,32718
13778,40389
7771,42237
6784,28876
2572,28410
3787,31247
18450,28492
22716,30193
711,31853
8114,32569
26091,39984
8848,39387
14485,29372
21533,40453
4255,34223
4723,40230
18506,39642
26551,33693
13624,36200
5997,29642
9398,31445
22842,29174
5306,28903
23488,38085
6284,38219
19787,33459
22543,42401
23331,36875
18585,30720
9289,33635
2865,41736
2697,35964
11978,27880
4992,29345
21634,29374
18435,37587
27190,30736
15975,29441
18827,33513
24481,32847
27173,37911
24867,32636
5900,30416
26222,36211
17765,39885
9603,39569
9544,36527
12632,31239
13827,30840
23447,38152
24386,37046
22635,39908
15993,31859
25804,28583
3517,31622
16658,36714
6086,34986
23102,39010
20677,31833
15830,32101
6566,36655
9610,34803
22219,42012
14269,29233
6077,42286
9846,42001
13930,28397
7659,41910
12063,36822
4274,39413
24647,39893
25247,28431
6822,39802
22846,36501
15480,30100
16314,34776
19307,38767
20594,34996
26103,33456
20798,29776
1733,33531
7606,38526
14304,33931
10770,37149
8293,39279
24821,31065
186,30103
7505,35712
15105,42146
18455,30894
14472,33846
5625,39904
13515,37424
17185,28197
21074,32406
5388,36553
1463,36577
1913,39931
18843,32661
14227,27887
26348,31701
7269,28180
18287,33860
18680,40824
6930,35928
22484,30085
12048,40752
15140,29696
20244,34586
16360,35216
14582,31092
1182,30057
23155,31072
18571,34413
15440,36664
1573,41407
14721,33556
22037,29483
1957,34746
11687,27790
20467,39181
12414,28569
2479,34189
3446,28549
13431,39612
19337,38994
3522,40832
2789,32561
16272,35572
19822,33809
11712,38982
13162,34307
10336,34454
24374,30167
4418,35686
27149,34833
15003,37255
7531,27858
24,40535
5199,28511
4754,33426
15545,41865
6382,32498
3652,27763
13694,37884
2014,34245
26359,35398
21693,29462
7248,41958
19162,32230
794,30085
1236,28412
24048,36441
21279,39878
26965,40141
15764,41107
22880,35457
20571,31655
8584,33542
23952,34228
760,42090
20623,39682
19814,41499
17467,39474
16448,30835
26409,30184
16614,40117
5776,34711
14205,34046
27587,40887
1805,30910
21211,38678
16318,35700
12153,37572
14221,32893
17208,30158
25572,29363
10500,28344
25003,32445
19724,42399
19213,33026
22573,41377
18160,36238
5624,41495
25541,31443
3531,33186
17683,28976
6174,41956
22582,29722
5553,31247
23519,32244
4419,39684
24032,41657
9090,41871
4461,31146
5707,32432
13217,32117
2306,38304
6415,33061
11132,42384
2129,28386
21767,29072
3168,38670
3847,33957
464,28468
17309,35724
20,32998
26643,28248
4573,40082
2807,30850
8201,28050
1785,37896
4327,31668
12836,40285
21800,29243
6214,37495
16,35585
10975,36211
21181,31649
23962,39523
338,40355
6360,39962
16070,36625
625,38916
22136,34615
20808,37055
21271,30422
18141,38514
20028,29252
4505,38460
5620,37993
8772,35686
4256,37680
16669,42242
14950,29101
22411,37929
11362,39390
14828,39954
10182,34960
14035,36630
18119,32727
10286,29349
12876,28646
852,27865
580,27838
3565,41269
16669,37959
26915,28737
12599,40723
10356,31295
5772,36614
11354,32692
24697,32202
5961,38954
24221,36252
3754,38550
1617,30562
23251,37594
24427,33610
13552,39845
26422,33704
21026,41001
3765,30200
4831,33527
15803,42161
14518,35259
5053,35279
8225,29799
2837,41286
15939,30267
9702,36029
18601,30240
2703,41106
17784,33975
14162,31388
23870,34077
15313,34521
18743,30164
14225,30324
12058,33341
9596,29296
10167,37617
11375,28750
10096,30788
19717,30229
26902,30840
16009,39866
25272,36134
18703,37166
468,35634
6089,34176
10124,38654
13417,35520
12898,31159
11332,39986
24956,37248
6777,29272
15192,39094
15542,37046
20962,42288
13571,36910
678,35712
18772,32735
11510,32855
11875,32384
20641,42173
23570,40494
1481,35074
13561,32379
16049,37271
15835,29701
9530,30701
11677,32939
12943,41176
11351,39814
6712,33246
4567,35866
12126,40174
23375,29595
19111,30818
11114,29863
27489,33696
2045,27981
12361,36291
6730,31867
11857,32773
22719,29892
8599,37061
26522,41275
24429,28768
956,40466
16603,30457
24341,29259
13600,39489
10820,27812
24333,37244
971,41545
3685,30476
9730,30953
1107,31700
16051,35916
26773,40350
10469,29332
10920,38739
12157,42149
23085,37741
11265,38235
12751,35026
20525,37856
12516,36405
15153,27778
4185,38272
364,27835
11645,36834
20976,37002
25107,37174
2419,28659
10670,33525
10340,41171
8148,39818
25940,29147
14365,41895
4156,37870
23987,35003
4726,37021
12400,36891
23735,38941
2940,31284
19756,29142
21184,34583
10411,38293
3296,37425
11724,36124
22834,37059
26199,33192
25798,30501
7283,28372
15128,29419
10138,40226
24473,36216
24220,30592
3734,37893
21052,39475
16244,34931
17301,28179
2326,30988
8100,31583
11475,30768
14689,31825
14681,29078
8091,28353
3845,42399
1414,33199
23729,29040
11095,29385
9967,28732
22237,29590
4023,29478
11053,35935
16238,35580
26695,38513
13641,40219
5125,32151
4610,29153
20246,38790
17699,30003
2854,36432
25167,30788
22552,32012
5362,31903
3481,29378
11640,31088
7320,32679
6409,29277
12112,35612
16973,40444
7379,41977
22681,34406
20229,31624
11426,38279
13541,33990
5365,38177
13537,28926
6379,41050
13920,30636
15020,41312
26725,40401
20149,36029
9271,27733
14136,33402
9210,34719
20192,28501
26462,31087
3885,32433
24625,37087
15600,33211
14880,39077
5864,41677
11244,32394
19681,37918
20012,38539
26442,32899
13834,33354
25705,29543
24781,35659
7688,39942
18138,33297
15784,33574
740,31011
21068,30848
10140,35432
23141,35036
10858,32261
27118,39297
19201,34711
17094,33108
16952,34104
6720,28499
14014,36092
5130,38763
23871,40183
18203,39086
25211,40913
5542,37140
3212,30547
13661,38168
2662,27699
23569,35429
24606,34438
27334,35730
14879,34427
13521,35700
26169,34110
18056,37634
8857,29039
8159,41791
478,35037
16824,40465
6497,33879
5778,32561
18834,40065
10951,33634
27282,40670
18902,40933
16474,35573
7702,36982
8943,34888
1337,40353
6918,36174
25398,27991
10826,33440
16535,37572
2127,39209
16311,38807
19159,32767
21422,32588
15153,31621
14129,39177
16034,36000
26665,31351
9824,41121
18898,31207
17418,28575
23758,29897
12958,38728
15204,40809
26607,34376
24609,39050
4207,34888
2226,37476
25566,38273
19554,27802
17348,38444
8059,28653
1911,40161
23081,42327
10274,38718
14588,39252
25871,41678
27128,33936
2986,35634
6773,35318
6187,36234
5426,32962
631,36343
10974,35814
11322,30388
25738,32765
10671,32995
15495,32662
1752,36419
9260,29175
4523,41256
20737,41691
17498,30670
11811,36483
22024,28427
6407,34304
3306,37255
13050,31579
21758,37861
22293,33175
26399,35902
20942,39589
4009,35689
6955,32302
16360,40072
798,29949
10319,29964
13958,29599
12021,31107
25757,33182
8751,40089
7707,31653
6210,29303
26644,35126
18407,28637
7216,31318
3517,37525
19839,31236
7611,38246
6324,38027
27402,31374
26338,37597
27020,29712
102,28568
17173,31008
16012,29347
10085,37339
4578,41633
5207,34741
2152,31004
24522,29080
4432,30766
2414,29332
7959,32531
7887,29748
403,36009
9949,40263
24840,35469
5609,27952
17363,29523
21121,33195
10348,28118
20033,32835
13937,41202
4779,35304
13182,40601
267,30741
22010,33988
19272,33266
16625,30497
16792,37395
18821,31257
12205,27847
13982,40802
15974,29563
7491,39572
19862,27865
2040,39283
22308,40242
15757,34217
19671,39571
16146,34284
15946,37505
19510,38574
22697,37744
16277,28567
24319,35963
23091,35558
19792,29175
8363,29552
20986,30853
26034,37892
17604,38280
2867,35255
14258,41659
6080,40283
20298,35495
10127,29776
9055,38285
20409,39390
1021,30050
19305,35172
13649,39014
10178,29809
1646,37110
15216,39336
19442,31870
21746,41120
12748,36093
7633,40968
11847,30507
2766,28686
27293,33558
14257,36075
10450,41962
25977,39548
4045,38784
12334,33037
18792,38112
10333,42293
9908,37507
9185,28374
6153,35676
8674,32191
22463,41047
25523,33234
24883,41704
26125,37277
22188,27934
16434,33592
2268,36095
17554,42196
2888,31922
22240,38531
1893,29358
24132,37510
5619,40182
24650,37333
221,40128
25292,30395
14485,35642
12138,31806
5949,32515
12458,35265
6728,33950
17237,39396
23205,40734
3466,36962
22242,27979
25754,31588
18619,28556
11624,39292
20648,32762
5173,40103
1952,28556
24867,33805
8199,32162
5084,38247
3246,37436
17009,27995
19763,28327
7955,41121
5398,38169
8847,28591
18735,41498
15566,28007
7536,40364
7735,37103
2492,37570
3485,39812
19425,35861
14580,30534
18722,36789
24953,31640
16968,40850
24339,31884
11849,39890
8013,34814
20848,30194
17220,37250
23344,42008
19825,35972
25121,28203
20048,33929
11992,37543
10038,40621
6283,28874
24425,37634
18183,28241
22873,31848
27186,29891
18792,30752
9703,35568
14115,27780
13061,32245
2638,37668
18496,28902
18276,30608
20198,40448
25229,34212
13754,29155
16437,35900
21973,39613
25366,33692
11292,32409
19112,32138
19273,41872
1343,39467
3314,33990
380,38400
2305,40729
6322,31760
3334,37712
18371,34623
6323,41944
11492,31032
23454,36514
22182,39592
27391,33432
4532,33572
784,28710
22711,39067
18453,39747
6441,31137
4905,35705
25334,28861
14188,34544
25835,31943
19562,41150
21448,29015
26090,29222
18749,29711
3144,33966
8215,40057
2744,37512
25469,30886
4992,39517
9247,32092
23472,37474
22689,27701
20557,34914
12214,27810
12937,31008
7436,39989
19610,29697
22333,38310
13831,33340
17070,38170
15724,28784
1783,31943
25349,33579
24171,38134
21081,32972
21847,37260
22673,33726
17180,36532
19996,28297
8946,32613
10841,33711
18979,30632
7979,37851
645,32800
8924,33094
533,35714
24204,37354
16775,39104
11133,31377
22820,39154
19520,32889
378,32264
8535,30107
18739,38861
17044,31400
13780,27897
6594,34827
4021,37366
25330,42157
15820,30332
27466,41929
16209,41737
23985,30808
4856,39185
22721,31339
9303,27775
3093,40833
4689,30184
3449,34597
16306,35681
23624,33365
27201,36237
27436,32390
16958,34972
16364,35243
4111,33297
25602,37541
3047,38494
21642,37743
19455,35830
9328,38970
13346,30291
19121,28213
6868,40934
20326,31917
1928,31415
18002,40130
10061,36693
9247,39287
14623,36625
4616,33580
26127,31853
8362,30240
1839,29201
1116,41089
20801,32405
4196,40526
25477,32044
9179,35999
2580,33081
16934,27857
14965,32806
7369,41838
24731,36066
3041,30563
185,39173
12978,36592
10790,33437
7007,29577
5107,39086
14263,40487
9481,37162
19362,30812
2981,41121
16380,37232
12561,30761
17701,36195
13189,36294
3018,33687
3822,28669
216,32999
10325,28541
1824,36838
9626,33731
11346,41268
21717,32998
18091,41240
24954,34224
22949,35623
16335,38095
5110,32943
22245,38231
4663,31394
10271,30923
10619,41558
18868,36883
6657,37377
23398,32599
2686,34996
1395,31444
7152,38694
13950,37962
18740,37708
11894,27725
12085,41848
1492,38756
6786,29439
15489,27789
8656,39663
2877,29353
11371,35282
14394,37065
20940,31369
13504,39844
12699,35662
9366,32493
23622,40924
24949,33249
15348,39756
11917,38062
587,37557
3651,33123
5053,40055
7527,36110
10056,39795
10961,37611
23029,28092
23281,31759
27133,40085
13673,38500
25603,35635
12064,41939
9391,37048
10625,36597
23363,35090
19184,41430
4092,28428
15139,35935
23254,40724
1609,42049
25760,41165
9603,30956
27590,36503
16643,29174
11401,29750
2943,40571
23624,29581
23951,39978
18128,38882
17167,28458
9929,31300
24579,36868
21274,29241
11252,31436
10422,40195
23434,36990
16916,36943
24969,38159
19208,41019
4762,38630
22079,40166
25109,40968
5746,33913
17109,36619
12989,41866
24080,37014
14039,27913
18698,38082
10496,31184
22493,30627
13003,39140
11693,29133
23832,36013
11093,41971
11568,35022
8828,41987
23202,32590
13379,31459
17272,38249
20774,42301
3816,30458
3268,31815
15922,37558
14301,41569
26124,30716
8128,37494
24839,32050
10283,28178
10779,28500
26788,30408
20790,32492
2309,41995
11768,35992
2711,35936
26514,37212
9666,37167
1620,30007
14037,34732
20528,29693
8451,33229
4167,40227
18179,39894
23998,37442
9222,28269
11866,29881
26684,34681
19727,34716
20313,33244
14602,39908
5975,30738
23404,37956
15594,32866
7879,36198
23594,31900
27221,32388
26315,40846
26457,36972
23177,31717
22853,33624
12859,28307
14648,40828
23204,40232
231,31460
21817,41051
13403,39517
4703,36740
11488,29078
2986,29879
9074,29184
25509,29419
25127,36659
11007,37463
3299,37923
10256,34024
4119,29645
2782,37168
3327,30184
6260,35586
3613,34425
26670,39175
12002,33747
11075,28036
125,38219
16029,29971
27280,40726
16628,34937
5722,39571
24514,35146
8219,33928
22102,41235
934,37084
17435,37764
2700,38298
22098,35675
22475,36716
15296,34513
4392,28024
12505,40619
4831,38373
24366,28093
23269,37039
17123,40136
27576,38142
17525,37997
27352,32914
3721,41727
18402,28843
21662,34245
22442,29711
25031,35327
21987,35881
3212,34301
5276,39938
13900,28047
8960,40244
4466,37041
18059,40414
3240,29264
10773,37027
24132,30804
19432,31543
10511,35807
5345,31979
26065,30414
16815,31071
11607,38698
15612,34762
18741,40010
16034,38125
9505,39541
11343,37766
14813,34992
26376,32097
16183,31890
15412,39527
6501,37907
11097,36946
10667,29309
4510,35444
10920,32430
21816,33222
8814,34766
1093,28211
11356,34256
14808,40833
22711,35263
13633,33700
18025,37288
15098,39984
25041,38328
6872,28182
17896,42228
11140,31912
21374,36586
14277,31800
9884,33049
23083,32983
9232,38909
17218,33772
24404,33111
18202,29024
1462,35375
657,38891
17802,37324
27529,31437
4537,33809
15097,36131
21351,39115
26927,28381
23521,39945
20714,32667
25950,36747
22841,37081
4850,36205
2371,31979
21451,41298
12683,33034
12172,38145
21210,36089
5805,28423
5026,36420
18381,42104
16849,42274
16026,32200
26565,40824
25064,28949
23158,32212
16400,41415
20069,34562
19996,34843
6430,30718
10887,34345
1482,40068
19000,27780
12791,29767
6389,34545
7995,38194
23983,36621
15330,32927
23349,37662
18222,41603
18490,33270
19295,28247
16542,34676
25679,42176
13802,35490
24482,38205
24731,30068
18879,34079
14475,41479
5568,40228
15999,32076
16567,32625
16956,35629
25846,35582
576,27894
14098,41704
21023,36876
15881,28769
7305,29697
9934,35748
19753,36898
17252,28706
3721,36334
24797,33394
10247,34135
2174,36424
13438,33435
25234,32618
10118,28322
7042,27999
1911,41583
1099,37277
14625,32710
21077,41714
2145,36081
12762,41343
25495,37302
2528,40939
15540,32867
15146,42276
2870,32354
25603,39575
23812,40397
22524,38365
3414,32735
4841,38133
23354,28151
14311,38563
21628,30041
16957,34438
14791,38117
15451,34723
18936,34182
7546,28693
19776,34187
19819,40535
27324,30843
1662,33700
18874,36864
17732,35143
5290,42255
22984,29498
24191,37344
22550,42206
6617,41931
1315,41351
4559,38590
2251,36290
9536,29872
3757,40655
18046,41862
22272,34332
17398,27731
7040,34160
1242,31188
19086,28556
12432,28236
26233,36372
20139,29676
13399,34351
11566,34583
14452,28927
20937,35119
1668,39556
13448,32014
24770,31971
14309,31197
14948,33494
11075,29751
1717,32746
13651,40441
2277,28858
20502,34133
18866,31551
14376,34799
23694,27720
10493,33537
12181,40572
11086,28418
9669,38571
4311,35687
19648,31760
13813,32072
3714,34598
22319,30741
12377,31815
21928,37177
24239,31730
7413,33497
14548,40019
24525,37396
23783,40338
6970,41594
3047,38315
8656,37145
1528,32624
6514,40727
3891,38281
25841,30717
3337,40812
625,40913
24677,28166
7187,40001
22121,27797
23575,37232
10960,34126
14162,32704
19626,37279
26670,36035
12621,32907
24258,42195
27021,32141
18103,33232
25555,38713
23046,28372
13862,39250
24886,39498
18558,38954
22947,31328
22057,39841
2793,37201
13706,32898
14485,32988
2336,36432
11210,31173
26460,41022
9944,27710
26637,39816
20554,34717
9500,32099
27129,29224
1108,33157
19836,39374
2628,37111
25108,38503
24362,38654
16501,39549
18532,34712
18436,39137
19193,33024
3116,35373
23094,34405
25244,40002
9896,30767
26377,42202
25280,42407
13403,31186
12087,30589
22800,39268
4393,33608
20407,33062
11987,30998
14437,27870
10282,39559
12143,38289
5243,30577
23254,38900
21058,42266
8064,37931
6911,35534
13399,42123
12805,40583
24360,39388
24228,42299
10749,27679
15686,30548
26236,30425
26283,31023
16872,36315
8616,31113
8616,34137
9243,29119
10207,41811
11667,28499
2551,34683
10274,39137
27339,32871
22449,28062
9811,34117
12025,32898
17033,34136
311,28262
26200,31347
25843,36220
15822,31715
7418,41786
15142,38129
6916,37468
22818,37673
5881,35653
13664,35256
6575,41525
25235,32477
5054,31979
15235,36671
11106,31249
22894,29887
1110,32299
6689,29386
1503,30221
9082,36281
20491,28843
10984,38859
15974,35852
20062,32565
20443,34183
7784,39799
12431,29534
20113,27971
2741,35985
12881,35238
6852,30979
21815,31679
22808,36488
8001,37487
10351,38189
10541,34908
7879,37045
6567,35283
9247,40467
4442,38273
7558,39811
6812,34622
16387,30915
2096,41613
18152,29002
20067,36322
8487,30049
23398,40305
7191,31839
18426,40451
7858,42283
9159,37056
7857,30030
4763,37930
22405,32343
22138,41905
16789,41494
8030,33792
14402,37458
13309,40950
1917,34588
24627,28911
25671,32722
4654,39593
25761,32876
12224,29219
5767,32507
4000,28351
20237,35142
14847,41279
11607,28763
3912,31431
5389,33359
19688,35053
16568,34801
22661,35422
4137,34141
10710,32444
25771,40895
26532,39454
22899,28945
14377,36839
26603,33385
24312,41700
16445,36085
6229,34953
21292,37049
20947,34547
10901,35594
4310,34326
18000,33783
1137,29259
24554,31593
8632,34774
22031,33190
658,30928
7594,30519
26824,29786
13041,37360
18573,37831
25833,32180
14545,35243
1819,30802
27136,30686
20079,39599
5917,31339
10462,28804
5754,39523
421,29893
15871,36872
1913,27907
16171,29466
26514,28501
6947,28967
18011,39465
9382,32724
2799,35200
14263,37512
11335,29076
19992,33158
23798,28262
17650,38402
13138,37309
6510,37644
21588,29674
24180,32981
1624,40427
12040,35893
12637,36509
719,39651
24850,35967
13590,33848
7760,32401
751,27977
4948,28235
8417,42093
5754,33327
16908,31030
16054,37859
4555,29889
16555,33719
16790,37475
6569,40262
18953,30623
20458,39047
27093,41146
14533,28080
8060,34882
14867,28200
20746,33236
21937,30964
15606,41579
6339,28035
16456,39865
22650,32978
4767,36791
21713,32525
9790,33564
15574,41662
23585,33043
7102,33998
24216,28771
16343,36791
105,30907
10837,39250
27308,35949
13451,34449
4836,41544
20533,27832
18320,36945
10010,41770
26271,40211
4467,28096
23254,32851
4156,35834
26106,31967
17074,29240
21755,38392
14883,39650
5799,42263
1770,32000
12166,31856
4926,37762
17754,41344
14510,37412
3634,38099
25717,42174
2954,41527
1235,40865
8113,40717
14280,28520
14854,41725
9133,36232
6076,40090
6889,42266
13722,32043
25725,29407
19251,32327
487,28653
10488,37138
23759,39306
3533,32552
23587,41853
6592,41545
20655,30203
18019,35604
9184,39237
18941,29706
11644,37105
17691,28995
5703,32545
3648,35792
22866,32876
17746,34151
14771,31712
26856,38619
9044,38028
4722,38491
21959,32812
308,35374
14538,42106
27000,35143
23149,34158
8749,34160
16304,40894
19109,29431
4578,35769
23718,30568
8202,41798
23377,38562
2993,37779
27261,39184
5571,41003
27245,31223
17434,32951
15427,29793
17443,40631
16449,32160
4386,37240
7730,34894
13582,34731
19155,28302
6833,31832
13351,32133
9859,31550
1379,38625
2920,29597
7880,32013
3192,32822
14432,41120
2122,36110
512,41642
10895,34061
16877,40902
14454,35346
9292,32398
2702,32405
4140,36654
21249,42240
19604,32927
6415,31732
23385,36218
12891,41703
8877,36504
14437,41000
11456,39060
22144,34256
16594,31026
19897,29727
18680,37355
2596,31836
12352,38986
12397,39093
6424,39154
15681,39381
2256,31752
2999,37406
22871,33545
18967,29540
17784,30858
20737,29203
20295,39077
11704,32095
21675,31909
15176,34747
25112,32485
3759,41193
15214,27860
13596,27916
13994,36324
12947,38466
22597,38909
1498,31644
16408,31442
11830,30712
26659,39300
16312,36125
19484,35646
2797,33147
16167,32060
26179,40217
19412,29991
26152,40211
19235,38236
19498,37292
2715,39513
20781,33752
4223,37973
9618,40600
7679,31476
280,38562
904,40969
13150,42075
16183,39755
17342,30052
3798,42007
5129,33484
7190,42171
15891,35512
12264,28652
12406,31145
17576,38875
15509,30575
16171,29689
10821,38405
6194,38154
26508,29155
18838,30879
4072,39587
27083,39520
22551,37528
22656,35147
11879,32104
24594,28320
14893,34704
4439,36395
12673,30051
9922,36965
190,28196
24852,37093
16190,31436
1563,30207
3282,31201
27393,28490
23856,31188
4805,37176
5618,29676
8035,41940
5367,41804
11596,36117
20127,31796
959,29163
3862,34580
15299,31490
15766,29131
1223,37619
21439,40755
7923,38248
10592,40357
142,30432
2143,31124
5089,33163
20495,29375
4121,42046
15133,30938
8346,34437
22431,41094
2261,36222
13067,42368
1630,28841
19356,39874
6808,31669
7440,28132
9469,29345
19724,32502
7129,34792
4172,32005
26657,29779
9975,35402
350,37421
8398,34111
20541,35549
21905,40514
9766,29923
20827,36297
20929,36867
2689,37738
21998,41482
23155,29865
2028,33581
10075,31132
13605,40904
2860,34279
26454,33499
27284,28031
19985,38800
7480,40951
5,33212
5985,36471
22775,37484
5352,29239
26223,38172
22118,40578
12952,35307
25463,37272
10034,29308
1484,31944
20984,35260
17476,32350
5162,35244
27370,36987
17002,37282
10656,33952
14855,28730
8094,40279
20791,30199
16836,40432
19785,35807
23356,31614
6996,32248
27321,30897
16801,32093
24142,38357
420,38575
23931,38408
11845,31995
8816,41803
25341,31625
16655,38923
16912,31788
27612,29956
17587,32474
6807,33311
25950,28317
727,37282
10870,29621
11885,39885
27446,29169
8619,36414
17065,41867
14350,28779
491,37743
13387,40040
18679,33459
18288,28009
3302,32297
6768,40428
10263,29691
18995,36256
16598,33275
16260,42275
23121,35925
3156,29469
2632,34023
9272,28646
10905,30766
6637,39879
19157,41380
21186,33199
13494,27931
18894,36082
5587,32961
26031,36183
16425,31760
496,28266
9019,38649
4313,37146
1410,33075
20725,34982
18970,40960
4101,31229
7587,34640
20948,36794
11497,31036
15629,39899
1767,32999
22651,33675
10471,29073
10620,27702
20023,29385
5548,39297
8503,33682
23781,41042
6898,35993
17505,38048
17443,35615
20051,36568
8859,36998
11030,30742
9400,34351
25901,32759
9180,30702
13736,40709
12375,38805
17749,41310
25024,42242
9306,35908
9993,35113
18649,37741
13167,35251
21096,28607
21547,39940
18396,31089
15518,40453
15185,39280
3192,31296
9209,30958
5211,33378
11295,36076
25973,33711
631,38596
1335,39429
6027,30637
5908,28922
13949,35002
9611,36127
3538,31056
15745,31329
18968,35426
13447,34351
18002,37056
3869,30475
18524,34648
1413,39590
2606,34782
5239,32548
628,42267
23388,33554
6344,39852
10399,30238
26225,34281
2485,39827
22166,34199
6183,34265
1397,30106
24264,29722
9678,33629
18015,31928
437,41297
11761,33938
20939,30765
3668,28464
5402,35197
13653,28041
11434,39270
7101,40606
4981,35044
4954,35633
26595,38073
1428,27908
4676,37127
20371,32431
23364,33606
19188,36244
3285,30800
24587,30733
5234,28686
10198,33120
26440,30780
23672,38429
18145,39252
13910,32647
11137,30398
20419,30059
6002,33143
27234,37407
19635,39522
22513,30788
13849,31855
16541,40954
11714,37447
27442,37611
9847,38350
11471,32375
26297,42376
17602,33405
9396,35966
3512,35314
1741,42380
27370,37274
3960,35491
27579,41892
27385,33668
26270,37645
15720,38057
21317,40593
9738,30564
7913,30408
20941,29501
4369,40981
5498,40645
10630,31732
25010,31159
2040,41239
12267,36541
293,35116
6822,36208
24126,36406
1852,41368
4380,28994
4721,31629
7104,32247
12190,35600
10749,33017
243,28137
9791,36745
7556,37519
16776,32095
17457,30465
529,35566
12813,38513
7271,34904
17993,39003
22438,32703
13667,30988
23833,30129
14010,35277
16525,41193
10022,34999
4759,28660
130,31243
24335,30960
3323,32399
21195,33628
12247,35742
19962,32952
20085,34081
27077,30307
23838,32940
22020,37644
3182,36161
16033,34408
21783,36449
2151,39970
8648,35080
5667,31213
23046,30399
16714,32574
5830,34960
8226,30362
10176,31992
26637,36747
309,41568
25314,34563
9939,41562
18276,37823
17631,31254
6782,35991
14954,34568
14808,33638
7484,33258
22015,32691
9161,32639
25760,41342
24141,41681
6479,41302
26498,32722
10987,41607
27519,28651
5091,33309
20799,36674
18077,37636
16456,34068
22080,39857
8633,32033
11887,29997
23702,37485
7923,37286
11329,31180
17682,31898
11847,33236
10367,37495
5532,40053
11814,37525
13307,29241
18819,30955
10133,35429
21012,32542
17375,37782
23253,28017
12526,36468
14988,38675
25923,37283
17866,40251
25552,31828
19268,32014
6244,40000
22663,39408
16655,31762
19904,39322
19148,33332
10599,31694
4313,38531
25318,32988
3935,30281
10052,38422
6665,28017
2393,36308
21980,41374
15012,40089
13202,37200
6191,39584
4596,31383
11451,37676
5799,36684
23889,28973
21130,42269
5102,37970
13301,29149
12684,27677
27034,34810
2066,34553
14086,39998
11153,29314
16237,34264
8293,40120
24084,37628
15960,37318
18424,27935
25230,42087
21045,32481
5351,28151
15698,28274
20459,33154
15558,41423
18168,40956
9699,33660
5360,38064
16194,38127
62,35523
2368,32777
12174,36128
23179,31110
10815,40968
8678,28129
19298,36460
8725,32775
5466,35005
24454,38391
10297,28110
18481,35653
18705,41297
26872,33189
6149,34138
27521,36225
27319,41647
25798,41858
16252,29772
20812,28628
6458,37167
8894,42021
218,31293
23664,38991
15266,30603
22919,33183
23883,39855
14278,36057
7976,32144
2122,35931
20028,36160
15288,30708
17099,41818
18462,34932
10781,29884
23301,31171
8970,36813
21848,28882
15563,42076
14995,39542
985,34973
13213,29650
15437,32764
6000,37621
11456,31429
22058,37224
24736,36059
9536,29120
2100,39337
402,29196
13606,34240
9284,33773
14661,40665
21713,40751
13753,28445
13081,32223
8976,37868
13823,29431
8083,36001
3864,33240
1252,29718
9764,29047
16562,30100
9981,37399
13938,39568
27516,31670
14943,34025
26838,30621
21214,40565
27507,41529
21622,36764
20220,32865
17632,39787
6333,27745
3111,32310
9649,42289
26479,37508
18656,31521
25135,33426
393,33181
6294,40183
23301,41458
1525,41239
6687,36487
18595,41857
22014,28013
26052,31435
10390,39733
18666,34896
4817,38861
14986,40343
13871,42147
8679,29844
17676,35064
4036,34779
12235,27731
19855,37542
7404,34355
15999,35359
9412,33114
7280,36160
4178,39236
11511,35552
5948,30698
22268,36272
5936,29052
2930,41496
20130,40089
16903,33629
13940,39091
2650,29074
20185,28588
19298,34563
11329,29429
18544,31345
27563,35972
3995,28228
22877,30172
25242,32441
21556,28816
10078,35288
9526,36421
25888,29152
19747,39351
15359,30976
7945,29829
5667,31271
3732,33475
19304,39340
2510,32809
6391,34170
16730,39577
23397,29434
6143,28727
17335,39860
25469,39675
6474,36588
24708,38143
14120,27651
19078,41931
1395,30326
692,39731
3729,36334
18661,28677
22240,30470
22060,40353
13934,35038
1848,35337
2755,37877
15182,37153
1505,38114
8209,33483
26967,33776
14469,30865
19532,33550
9880,38686
3499,29967
14009,35035
11859,32343
19806,35936
12853,36384
15034,41626
4665,41543
8067,32936
18428,29012
13212,32242
18619,32036
21900,32029
20802,33087
16427,42055
9440,35398
20659,41176
12426,35153
13154,33825
2703,28317
11352,33097
6165,30742
5465,36271
12541,36189
6498,38637
13234,37452
4859,35288
14159,32692
22872,41394
558,32806
23642,41194
24832,35731
24787,39554
648,27651
13790,33920
23395,42206
4721,35070
3814,41713
11067,42071
15568,37547
8867,38578
16442,42112
7768,41594
23758,42102
8737,38618
10750,41678
14063,34891
19966,37949
5479,31451
20793,42142
16263,38932
1395,35462
18258,35391
948,31395
22482,27950
13288,28051
1937,34487
6333,34765
5895,34751
4579,29831
7186,38815
25890,30385
14339,35000
18066,33308
8183,29230
17642,31975
5730,31341
14994,31192
7457,32068
19272,40427
668,36234
19055,37279
4780,38887
25349,34856
6203,41602
12479,38064
25217,31394
20686,41205
458,40561
16313,41166
18633,32163
14751,40999
1428,30890
430,36708
15919,39289
11405,35443
22522,39918
22066,29635
8210,38517
259,32323
6993,30659
4082,37461
22475,29862
2216,41033
25290,29508
13258,32284
13597,36563
6704,37277
16072,31985
16493,32288
2868,39674
22720,39784
5431,28437
773,40475
26275,28648
14127,31449
13999,31848
8918,36969
17676,36594
12180,37479
8550,33441
5924,29415
6706,29006
18805,28915
10729,41320
27073,29357
22763,34060
6997,37995
10450,42287
20474,33870
12229,32851
24148,28130
20439,42298
22209,29913
2913,31389
6581,37044
13762,31043
19467,34039
6330,35166
652,34733
9869,30786
21955,32494
23315,31876
27391,41285
26284,35484
10169,41968
8500,39664
26064,31079
6900,41935
18506,41054
11792,37755
18839,30225
7386,41287
6322,41972
