8285,39200
337,35674
11832,35130
11010,36655
6422,34661
11083,35624
11945,39711
8604,31780
6233,40007
4346,32562
16519,30006
1198,39742
5330,32644
5730,33173
11920,30248
16325,28294
21898,35024
4032,29450
17186,31022
8011,35734
5475,28318
20939,34306
19009,37477
16221,40331
18949,33597
11549,33027
2906,29185
10343,36393
3909,34449
6430,34457
25505,35198
8778,32847
3161,34700
23589,39151
2628,36392
24435,39940
22143,38096
1012,29172
16356,29149
7162,28907
13100,35224
20281,37388
1105,38610
7835,32799
17883,29748
11196,35937
6897,38111
19935,33685
3121,31045
9748,28506
20273,35196
21824,29511
17607,38066
277,32283
26069,28395
21739,27811
26986,34913
25130,34496
19862,38462
21387,34853
20273,35196
15979,28369
16343,31972
22996,36420
11379,35015
14599,39532
11159,36380
1570,30958
3332,33699
3430,36029
26200,32223
8394,33428
6162,39459
21073,37654
15288,29684
8255,30262
4720,37930
1794,38492
22533,31148
16018,31478
17212,39224
20626,38272
21986,38735
23387,38372
24801,34001
7711,36042
11146,35177
2067,32416
27597,35159
3087,32473
26731,29651
19790,28057
14604,38409
24007,35428
2037,28270
25556,34395
17259,30837
6288,39537
911,38970
3928,35700
1539,37153
5041,32614
25728,37195
25623,39977
6653,27678
16919,33402
25249,36396
6043,34128
5078,36830
14138,34790
27599,37958
594,32304
4182,28511
6758,37690
18787,33587
734,31123
237,32270
16026,31481
11372,36267
6466,39233
9746,35049
26060,37679
16380,29006
9498,35403
12567,38641
7990,38443
18037,33542
3014,37601
14908,36931
6215,39708
16899,40012
7967,35907
6348,31334
25220,34739
16061,31021
8458,31262
23319,34762
18542,33572
16728,34814
17910,32114
4939,31450
26461,34082
4670,36135
12322,30833
5577,35795
11392,35862
6701,30907
14459,38697
374,32285
27111,34124
20300,36012
18092,33549
2429,28287
3782,28076
3217,38753
13813,39261
4077,35670
15399,29804
6741,28811
3780,32169
6298,32713
83,29459
25395,36027
15404,33286
6062,27811
26347,32253
7833,36486
560,32297
23760,38155
17896,31396
4224,29143
5967,34232
11582,28605
1376,28217
16767,31578
2455,31519
26775,37127
23590,39152
3534,29488
8885,35675
93,29670
9575,39506
2723,32454
21545,34968
10682,30452
27111,30067
359,38347
17256,28044
21493,35527
2876,36299
10505,39560
6279,32712
17916,33528
24114,36307
2021,30071
11811,35521
263,32279
1374,32347
12179,33067
26982,34114
654,35453
3332,33699
17596,31163
24841,31297
20841,39727
4652,30622
10169,31536
12428,39168
16862,33398
10414,36772
19294,33638
548,31371
4624,35935
1611,29476
8534,29214
19782,39737
8018,36284
8713,28543
3572,30285
22733,29905
20720,38508
9274,38207
15749,35131
9397,32896
24991,35114
13753,30649
8150,32814
4042,32541
17599,33492
22779,37767
27497,30997
26875,37921
26220,34909
12187,33074
6841,36504
14083,28120
21726,29879
21185,36858
27498,30994
26745,34100
20955,31648
25712,38349
4798,29584
21806,36001
16462,33354
11056,36367
22828,33853
10847,38999
13389,35467
24782,33999
14009,33181
2298,32433
1487,29189
21249,33057
3721,36943
9942,38200
2922,37221
19578,38903
14102,31059
8874,28202
14428,30019
4221,29143
5248,28276
16478,33356
9770,36300
19673,37975
18908,37816
24906,28177
354,37204
27182,28747
9617,39866
8913,37731
12520,36589
6890,32748
18119,33552
12410,37117
4340,38856
3028,31089
15312,35493
17846,33521
16559,29525
1805,28322
12962,35299
3514,30701
18340,30172
13023,34732
2779,38269
9753,32930
11583,28605
24853,28679
14541,28899
8760,29106
17127,33420
11540,33025
4264,36207
25932,34061
3029,31093
1946,35259
4833,29302
8225,39936
24288,29127
23050,34554
24059,30784
13131,35923
26189,38677
21047,39571
23597,39684
5683,36211
12496,37985
20359,29047
18562,36056
1979,36242
8934,32857
10678,36445
13819,37976
2044,32412
20441,31393
19029,37843
5559,36369
6103,36323
4331,30871
27186,34129
17665,30662
3143,34898
25789,31468
14113,39858
11530,33020
5589,34978
20499,35711
17388,29645
10395,36159
16325,33340
21695,29981
14271,28546
8804,39777
5150,32623
6209,36835
15793,36710
9380,32894
5335,37425
23644,35003
22432,31055
24315,39341
22074,33790
22682,33840
23884,39326
20038,33693
22514,37790
16991,31427
7478,32782
26745,28283
23060,33871
4270,39425
13726,39484
222,32267
23489,36567
13392,33126
10858,32996
7946,36574
25815,34046
23781,36223
5422,30317
16248,37829
25497,36134
24970,35035
18975,33604
308,30574
18501,36572
22734,28805
1092,32333
1822,37619
17286,33445
18071,33548
25184,36804
12185,33073
16447,39441
26380,36911
15342,35241
5220,32631
17375,35451
8197,31847
19167,34755
21992,30866
11059,36360
15376,37991
4071,37346
7548,29738
7238,30175
26088,30698
13792,31944
21373,38506
7670,34400
22533,31138
20469,34797
20134,28698
14761,29021
7742,34511
17221,28318
26924,29553
1845,32396
23752,37955
16914,29836
23003,35648
5319,38122
23731,33928
16732,34816
2961,35566
19954,33687
11694,36761
19896,35799
558,32296
8188,32819
21293,39568
15338,33283
24214,35098
15081,35857
26703,39800
23116,31061
16347,39904
10109,30836
2024,32589
200,30229
14668,38625
17840,33519
16482,28839
10920,37720
8997,39009
17828,31810
21136,36450
10858,31773
24964,36039
17511,28085
10750,38324
26392,36472
23805,37470
19192,31920
13471,33134
19110,34424
2964,34740
25622,39975
21367,39267
23097,33879
9646,37144
1795,38493
16900,35359
6120,28794
26781,39790
26283,38732
23693,38512
25082,34022
19116,31819
22433,33826
18933,27951
401,38056
7661,35112
17917,33527
24371,37804
14106,28089
16004,30888
14805,33248
24723,39417
24520,30412
18107,30939
24646,30796
23904,33949
17204,28497
20565,34588
13034,36287
6118,34654
4102,40564
21744,37662
14107,33200
5574,35710
24817,37939
25044,27761
5906,36547
14303,37497
25527,34394
4629,32571
5717,32675
18841,29110
23049,39448
10399,36133
6145,37724
17034,36570
367,32179
5029,37383
23016,28391
6875,30591
21561,35917
19055,33616
14988,28476
17018,33413
5922,28006
10172,31543
8753,28676
17715,32502
25861,28275
26187,38676
15405,41296
12194,33076
2692,34649
308,30574
19657,33672
25609,39600
18173,39002
26148,29194
15957,33307
12656,34541
374,32285
2333,30857
3887,31296
2194,32425
5935,32688
26909,38131
14992,29955
6932,34597
26819,36503
11399,36765
24438,39300
21848,38037
1807,32206
2585,34991
19069,35415
25177,36362
10245,41453
24521,33986
2575,35232
4880,32598
16483,34838
8533,30551
1689,28762
8880,31267
19819,27940
10221,34934
8883,31269
17587,39577
21332,35399
18919,37295
27020,34118
11331,35352
16131,31554
7162,32759
10147,36619
14244,37562
147,40936
27042,35691
25139,34996
17145,33427
21246,30197
26075,42400
11580,33037
2870,38280
18604,35536
16881,39008
26497,34086
13004,36849
427,27889
14860,30848
4179,32548
23076,33875
23506,38501
8782,28596
18495,28416
11046,34742
838,38684
18710,38388
13250,41202
23647,35002
14428,33220
991,38090
272,38650
6244,37746
9256,32889
5752,32676
2721,34029
3768,32511
13933,37536
6263,32710
9421,31287
16175,37468
5160,32625
3767,28297
25929,39607
2194,28712
27364,34155
16747,39265
21155,35135
22237,33812
5221,29131
5747,30404
18785,38825
8424,39863
80,29683
21468,31531
7053,35295
23078,30214
22187,41351
22230,28955
10108,32945
14843,33251
4292,37131
289,40860
7190,32765
7731,34328
19572,33666
11761,36384
10972,28122
26269,31201
7015,34435
19371,33646
22051,27895
7360,31692
3205,32479
17580,33490
9555,37266
25396,36028
20039,33694
2840,39594
18017,33538
26413,37872
18276,29720
19118,31819
22237,33812
12000,35722
11092,34885
14974,36998
11626,33042
18257,36812
17540,33481
3958,34475
10895,29255
9475,39145
5173,38570
13302,35554
5156,35388
165,37706
18058,33545
22519,37478
13426,33129
19922,35819
9031,30915
19598,35692
13959,28566
5040,39457
1184,31506
10546,34859
11728,35202
27504,31031
222,32267
10157,38874
5907,36548
742,34913
13506,31251
18701,33581
23008,42004
1709,27941
25230,35926
21251,38901
3356,30220
17886,29894
16144,33326
18797,40041
23757,38157
21992,33784
3891,34651
27102,34122
9186,35491
17128,33420
23530,33914
19663,37567
8407,35575
9473,39144
15536,32982
25041,34016
23589,39150
7894,35632
11976,35362
20040,29794
1070,27954
24283,38380
21165,34255
7652,35148
21423,35775
2578,34583
2235,29816
17887,38854
12774,33113
21899,36739
27404,34161
4477,37298
3168,34931
9675,37275
23586,33924
1103,38613
487,37253
26611,32955
3258,39124
21866,35155
16340,31776
25298,35830
27217,41773
11551,29764
14469,29500
13313,35585
5898,37665
635,41105
19287,33636
7083,32750
2386,34845
8280,32825
2003,30329
24908,28177
6759,37691
9651,37149
3604,37715
263,32279
11796,34703
15482,40972
18206,28103
2335,30857
6874,32744
1807,30202
17462,31290
4130,39082
24570,36948
14297,36546
3040,32187
8844,39700
14802,38959
13017,35543
19067,35413
21257,31642
17081,37546
11121,34694
6494,29704
3610,39915
13959,28566
18175,39003
682,31034
21890,29060
6974,39783
23072,33875
23230,36447
7661,35113
15499,37624
19455,29226
19760,33678
26670,28936
18735,33582
3943,35817
20875,38393
8325,37271
13792,31943
5717,32675
252,32274
23421,27869
4550,28614
11772,34330
26464,34082
15969,27851
26704,39803
12528,33099
6813,34937
17956,27737
19984,38742
17116,35285
14106,28089
14679,38768
20148,36980
14820,38126
6437,35240
541,39240
26464,31588
16218,31441
27308,37682
11674,37216
18092,33549
16609,33373
8685,37229
596,32305
4539,31883
25243,36920
21140,35246
2450,32447
3816,32522
1817,36407
11923,34752
16746,39264
16516,30006
16892,29414
27498,30996
23551,33920
10463,36535
24656,33994
22353,31608
17258,28046
5105,32616
682,32312
7982,36149
10173,29591
7007,35798
9477,37893
10286,36749
11403,35803
14625,39705
25399,34461
25317,35255
16941,33409
20994,33734
8538,33233
24428,37678
2170,32423
121,35458
25024,35836
9642,39716
12650,35943
9977,39118
19272,39046
27186,34131
13998,35770
4444,29660
24267,37509
11575,33032
13357,35863
13754,30145
16479,33771
9109,32881
18456,30697
30,38196
10936,39925
12233,31212
17199,30723
1505,31584
15825,35291
45,31764
7161,28907
16577,30514
10783,28509
2275,32431
14018,33184
25723,37505
16610,28098
3114,35959
16188,33329
11271,33014
25772,39154
1029,31128
16594,38094
19052,33613
22864,39659
6319,35672
1223,32342
12052,33054
27199,34132
2541,32453
15076,33266
6348,32715
27184,34129
2622,35248
2485,32452
1008,28628
14364,37647
17794,33509
11172,34972
7766,36853
24180,31051
17131,38061
14215,32206
14492,33230
557,31805
25644,28369
571,32299
18286,38441
18231,33556
8394,30359
14121,36411
22297,33817
2984,38526
26784,39793
13734,38240
6,36540
7229,30164
9694,32029
26831,34102
14942,33258
21462,33763
8107,35955
3676,34489
17606,38064
13527,37659
14996,37602
19706,34765
4308,32558
13282,36656
4850,32592
17745,37097
20507,33716
1848,32395
17500,33473
27307,37681
18252,34878
11057,34976
21557,28391
11679,39620
22746,33847
24476,28862
2927,39661
25378,34821
27504,28270
19178,35612
8309,34577
16831,39106
18304,38596
24875,29999
12029,38860
26482,37074
56,32251
1681,35066
3733,32509
8642,37747
23272,37762
294,35054
4749,27646
19164,30735
10876,33002
23347,35397
1703,32373
25435,35883
14740,31885
17656,41429
13551,39435
15012,33260
11238,36075
2163,32419
3825,32532
1885,32397
7695,34896
1821,37618
16960,31619
21227,34339
16576,33367
6739,32736
24391,33976
8409,38931
927,36035
6814,34938
581,34404
13821,27957
15939,28868
17033,36569
16353,29987
15549,33293
26088,30699
24961,35189
23784,35312
22775,38267
7712,36208
3395,38500
17379,33462
18735,28587
12903,36154
18741,38830
26361,34079
16889,29416
19226,36095
21809,36002
16837,29318
27043,35690
2784,32457
11905,33049
15740,34675
18771,31314
16769,31572
18473,34440
11386,35542
16496,39691
13636,38996
14992,29955
24783,39759
24537,28974
12559,39164
17819,33517
24894,30593
7529,41600
26184,39335
22520,37480
6186,37060
20405,37940
17543,33481
10586,37934
7748,36047
11735,35741
485,30000
19606,35235
6203,36963
23288,29596
4926,41992
13167,31490
19936,33685
25719,37010
20918,39422
245,28411
7552,32789
7738,34713
26004,35796
17432,33463
8674,30088
19072,37623
11186,34948
1647,30813
6429,34456
9010,35552
5938,28791
16710,29881
26563,39187
20584,29546
7123,38626
20387,33710
19899,36088
2407,40646
22504,33830
23427,33913
4233,37639
16961,33412
22530,31138
5132,30747
11530,41657
8403,32768
8338,38576
22075,27865
11988,35101
9,27746
8912,37730
12522,33097
10214,34378
5627,39116
13068,36341
21169,34780
15454,31559
24517,36894
24995,35033
9109,32883
10801,39025
1228,32345
4472,38083
9090,38183
18608,35914
1914,34656
27102,28588
26285,38734
19935,33685
25281,35793
17610,38065
27247,34141
15636,41461
9359,38314
4749,32584
25047,27756
21918,35221
7928,34250
17109,29145
25268,35924
1508,31584
2968,36327
21463,33760
16658,31234
3822,29633
20295,38916
20686,29907
464,41339
21464,35842
5713,32672
5623,36399
22237,29805
7883,34715
22379,35557
22986,27709
22353,33818
20145,36979
4701,36406
6195,29667
844,32319
16507,33360
18284,38440
17898,27811
7161,32761
17737,29818
162,38846
1140,32335
17498,33472
6094,29067
2352,39062
2986,38528
7547,29734
14781,33242
5135,38343
24648,30796
21568,33768
23499,35412
15200,31511
10221,34933
15307,38589
24194,33965
11637,41085
11007,34922
15027,39330
3710,28407
970,36834
2906,29186
26608,29695
11481,38730
16640,35418
21253,33743
11308,34522
12413,37120
5126,31346
5474,32658
5497,32661
17601,27819
3572,30285
14554,31381
17259,30837
13855,33157
9270,39094
18499,32826
21253,31299
2787,32457
13593,35197
18870,27875
9,27746
23254,33897
23719,33925
1472,39685
21286,39313
22067,36954
13094,34299
26019,34065
16866,33398
11501,36778
2572,35629
19799,31918
9996,29077
26746,39641
13932,37535
17186,33433
24613,39193
23652,36528
11100,36798
19855,38024
26682,34092
4739,32580
681,32312
25965,29433
4140,28878
11359,35085
13397,38073
24288,33966
1723,27685
21747,37061
20948,37355
8282,31491
18360,38783
25519,35812
21930,35881
9660,32921
27120,36971
987,30198
16605,32387
12819,41011
14073,38791
2124,38555
23168,39533
20663,37579
14808,29672
5738,39018
17855,33522
3997,37717
8971,29349
24148,36289
6265,32709
5484,42171
1146,38727
17487,34914
21715,31830
2299,30048
5140,32622
3092,32476
15079,33266
10173,32951
21260,31642
20387,33710
2044,31434
19311,30587
2757,29372
10635,30828
8534,29214
5816,39296
2098,38770
8005,36350
21897,35023
24414,39565
22829,30825
1917,34900
16754,28707
13993,36036
8169,29285
24280,34653
21468,31531
24307,30336
7556,32202
23327,29784
22090,34319
20427,37982
21690,37967
12348,32226
16760,30409
7680,35021
15201,33276
24906,30401
20409,33712
24801,34002
13892,31087
20523,31645
922,34893
9777,39076
23254,33897
13748,33145
26967,28573
10391,36131
34,37915
16599,30741
8151,30971
18119,33551
23871,38722
3788,32517
17292,27866
2637,35216
18933,32467
16355,28648
582,37260
26712,38513
14084,41319
4325,37454
16177,29576
10375,35331
5102,32615
24179,31048
23570,29715
19707,34765
20092,32140
27321,35494
17742,37257
11777,35940
20582,39226
7228,30164
18394,38424
17543,31372
9020,34634
8925,35573
17276,33443
14396,39605
24225,36276
21861,33783
25962,29433
2887,32459
22732,29903
16936,33405
1549,39188
22170,37797
594,32304
21682,35281
4095,31237
16889,29410
12216,33081
23873,38725
7788,32795
9646,37147
12243,33085
21288,39314
24593,35639
23429,30447
3016,31227
26924,29553
12955,31724
271,37244
22918,31041
22944,29550
22863,31790
25030,34010
8604,32839
25729,37196
15783,36727
26344,39679
18951,33597
20519,33720
22938,33858
26491,35449
18949,29124
7929,35076
4572,40806
5041,27737
11268,36997
2429,28287
15618,39182
13147,33115
15411,42270
167,28261
22674,37296
23409,31410
10864,30179
23008,42005
11936,37108
23585,33923
7984,31315
26996,34349
11523,27911
20997,33734
2161,33399
23768,35580
3049,29572
632,28717
18488,39799
11629,33042
1900,30128
16856,33397
2088,36846
17846,33521
9618,36476
24394,38745
12052,33054
3618,31759
11171,34995
19316,37559
21864,35154
13866,33159
13775,34870
6453,36153
3884,37710
1913,27969
355,37202
21721,33772
15004,35408
24950,36162
9574,39504
15966,27853
15838,36226
7381,36158
14977,37000
27212,30043
10265,38074
9710,32922
16603,30740
24997,33714
5418,39922
10886,28259
540,31727
14223,38368
12662,34705
12203,39444
2693,34650
7715,31197
15358,37426
7151,36940
21352,31685
16349,28414
4041,32541
22700,33843
12979,34961
8435,39880
23176,33887
16530,31223
22827,30825
12546,33100
6425,35568
16018,33320
1448,39196
23930,35659
15950,35663
4659,30624
3089,32473
23992,39666
22780,37766
2273,30375
10103,31321
18829,29562
25341,35794
3423,34219
13903,33166
17006,31233
9761,37233
6457,34453
8432,32827
17646,29373
17451,33469
6579,30646
7358,31691
20013,33690
11476,39452
13961,31850
24116,30769
22882,27740
10841,28435
9035,32863
13639,29063
6721,31721
6959,35912
15296,28181
7342,32161
18757,38878
9397,32896
13637,29063
23313,34448
12589,39412
7952,37909
24815,37937
14610,40027
4861,32596
6142,41151
17335,33456
24802,27810
16633,40005
11523,33017
9637,32920
8892,32852
25863,28273
8279,32824
20098,29101
5075,36829
1226,32344
19164,33625
20376,37069
3555,32497
24476,33977
5161,32625
23533,33915
27096,37889
6812,38749
17219,28321
23794,33930
407,28657
19700,27662
11625,33040
18711,39845
25576,34603
6232,37989
25285,36107
2340,30960
21000,39400
6119,28794
20098,28979
18530,37521
15933,38411
15264,33278
22093,30746
17597,31163
27022,34118
4662,30621
374,32209
15764,34374
15977,28073
11480,38728
10075,37086
148,32262
521,28995
16478,28834
18887,39990
25101,35077
8108,35266
23589,39150
13469,31052
12352,33095
27207,34136
1111,39586
5261,31191
5284,32637
23279,33902
20554,29542
17279,33444
10514,29971
18542,33572
11742,34639
25800,34043
14496,35509
27286,31230
1926,35168
9276,38209
6911,36169
3547,28984
23684,40008
10492,32955
26045,34069
18571,34724
11703,34393
5176,38575
11358,38688
23714,37395
7050,35010
22530,31148
13597,34447
19843,40484
10167,38821
27484,33536
20269,30122
15958,37677
1033,40903
8077,40302
10531,30038
25895,40486
26917,35259
25704,40360
1907,36102
13745,40254
11368,41425
6911,35844
2458,41358
10480,36606
20831,38645
8594,34082
20006,37859
7596,38725
7037,34192
23562,39734
2582,31473
3023,40397
2837,34594
14969,31002
9024,39083
20596,34211
14362,35699
8163,30069
14905,41238
12477,34312
10293,28953
17742,40761
25667,38557
25056,28366
15653,31275
7127,41894
13847,41742
883,36151
16215,28935
5071,33415
23110,32266
2612,32193
21768,31345
24519,38084
27262,36401
27256,31927
3987,37059
13584,33153
10834,28376
23576,39198
12127,40297
14665,32938
15337,32603
12074,28068
14784,39489
10361,30593
9432,28731
16989,40181
20337,41001
26830,32459
942,41079
21413,27748
14373,42098
11147,39973
21696,41562
17526,38582
1317,34942
2816,35011
17142,34497
9697,28319
14161,41802
27269,35512
19820,31829
12509,34012
6873,37863
12255,39682
13421,29537
5824,32305
11451,40809
13588,39639
18738,39078
12219,35461
11107,38659
27479,35049
20648,39372
19874,35567
24852,36779
23542,32628
21529,32224
11172,41407
3102,38087
20965,31650
5592,29327
2894,37922
21698,40535
10431,27699
11276,30396
8327,33287
2497,42209
16832,31146
22750,37800
23860,28419
13837,33632
24153,36201
17617,31212
3624,36747
950,29185
703,38706
21096,29186
19743,35998
22804,36362
4477,38596
8892,37698
4477,30794
12059,28449
12886,35154
18790,29241
4546,28295
19904,42352
12481,31878
3310,38972
21223,35954
22080,37226
20562,27925
9551,34823
5303,34496
5631,33183
7121,30029
16176,35771
17796,36457
14140,35975
14235,39214
23592,32213
20397,27971
3532,37361
14224,33648
7481,30953
13665,29295
14281,34425
16884,31771
21836,29706
5786,29131
25942,37446
18238,31244
5833,40949
11072,37824
1523,29177
18240,38843
23668,40138
24429,29542
22624,32750
13172,30255
10807,38363
15522,40990
15562,41660
5218,31906
5200,36471
3006,34853
2300,27669
6767,28401
14068,40985
20074,41132
8912,35178
26943,42131
27215,30027
17497,32306
10783,29159
977,32266
9563,36348
14047,33876
2016,40298
978,42406
5571,28497
26007,39274
13402,36762
19360,32966
21546,30598
15120,29094
3386,35150
3953,33667
5945,40311
10180,33732
18182,39709
8014,33444
6617,33108
17823,38865
7347,32979
4196,27865
2283,32351
21539,34880
1773,35768
17182,36051
7474,41611
12397,42381
25986,37793
6424,33935
13837,29786
986,28026
6372,36714
2193,32023
19937,35390
12083,40459
16626,40161
7252,35922
16657,35217
21637,38719
7034,36589
20064,32464
17337,35525
21639,30772
26456,37248
20047,33620
3931,34441
22374,31625
12938,39151
22891,36127
1982,37811
14820,28165
1634,38642
27264,40402
18278,32271
1533,34837
12762,30630
25005,30613
18634,33726
16173,30797
22453,29115
15126,40783
27030,27894
16321,36313
3502,34087
8551,28798
24591,31049
19284,38190
3354,33097
2687,39703
27047,36244
18002,39112
26694,37031
2949,35057
6695,33785
20400,39081
7624,42318
13434,34822
26929,34468
6751,31673
24392,29786
16551,28573
1899,42066
15968,32731
1311,36715
9190,35334
11868,37294
13979,31903
17434,41653
4572,32081
9503,35777
26316,28892
11375,37130
24418,35757
4345,31487
680,35819
8529,32474
23955,41885
15165,29172
7818,33610
25903,28569
9940,33582
1826,33979
7953,27753
21315,38718
3291,37074
7372,29451
12909,33597
26320,38730
4289,31313
20371,29486
23406,40810
24584,41847
18073,40819
20464,36047
14013,37525
22657,37895
17443,35077
8310,31777
4684,31721
11312,37678
2855,39226
19852,29118
16793,36943
26951,28758
22748,34266
19591,30706
6920,37507
11359,28567
20358,39588
15608,31048
9143,29202
18801,28046
10073,40589
7038,31219
10449,41237
26745,29420
6542,33708
8579,34234
19446,39397
10595,39979
22300,40583
9630,29050
371,38750
1758,38912
12008,29870
9569,30524
5478,33362
12041,28842
27442,35719
4479,35149
5782,42352
27480,41998
24954,42188
21377,40624
1472,42399
14035,31731
11874,36172
5317,35308
481,35707
24201,31121
19526,32368
7041,40312
16375,27901
11841,29432
18175,32531
1389,32549
3574,29284
15872,34468
18090,31212
19023,41670
10854,32871
26760,33396
2856,33817
22795,33114
25163,31421
14863,37287
15741,35234
1764,39959
22413,27928
4506,35314
15977,37744
22829,34480
21506,32727
1230,30034
13551,38739
18640,32980
27010,38312
26082,32751
22986,32504
10765,28373
11739,40329
24326,29088
14342,40965
26337,39169
18446,38479
13899,30516
8859,31138
26728,39138
14371,35949
19291,37000
3991,39975
9030,31442
19719,42289
11995,32771
3611,39024
25052,28991
16973,37150
14226,39504
11803,34281
14953,31982
26063,37564
23395,31077
22377,31846
8389,29861
23358,28966
10805,39395
24327,41789
25664,40692
23397,30474
23811,29791
7725,42239
13337,33956
23644,41261
13458,28103
13976,41902
10984,32641
25163,38045
15899,37756
191,39196
27382,30944
12746,37286
19857,27862
24536,40362
4618,28775
12739,35980
10429,36464
268,38730
13531,38297
2380,29431
5864,40175
2541,38362
27350,35750
19396,34631
18141,34831
2699,41582
7611,42136
19746,36553
2776,31495
18683,36985
5032,41288
15234,37083
2360,33227
24121,34999
18559,29019
22870,32533
13029,27971
21965,31467
13193,37079
8855,34506
26831,34251
3079,34159
26023,39988
20457,31826
21660,33696
14687,39238
19358,40288
20054,39622
3484,31562
10106,28923
22744,38900
23865,39846
101,34937
12510,33651
125,29271
1512,40050
20166,41451
22692,37682
16203,41262
6640,30585
15357,33327
13546,41107
16124,37743
25249,39750
15280,31276
20336,38097
21970,35946
15674,32007
9237,31028
2277,29204
13882,39840
15361,39349
25507,34952
23087,39625
5278,30957
15296,38125
27156,31993
12539,30111
22415,29830
3463,31235
1494,36620
14307,28549
18931,36922
18495,38429
26223,31498
9073,32989
631,34870
25044,41274
10791,42291
25447,30403
19146,39602
22839,37313
8135,40515
10285,35589
22048,33886
18029,32784
23303,37436
7591,33175
23497,30815
6421,29726
14734,40947
19963,35407
24264,28713
5411,35066
13574,40858
24378,35016
14238,38631
11273,37007
23550,39948
20421,32802
12607,30507
7678,41979
9419,40592
8676,33811
3876,29642
25713,30615
12441,29660
18928,29404
18066,35459
10955,39142
12195,40555
25928,41080
26655,28576
7876,31590
6876,38963
3170,39190
12610,37277
21246,37739
807,38106
15510,37214
18509,30530
27319,33187
24127,28196
10457,35316
19637,38098
13294,34268
26250,34455
16448,39761
15362,39906
1066,39498
14766,31722
26083,39701
8678,36091
11888,32620
22531,34977
20081,28986
21840,39246
4908,28663
17705,30724
26642,30151
12242,39136
13059,40028
21452,30087
23383,37087
6140,34078
18569,31553
8732,39428
17878,28945
14875,35275
6147,39593
7825,36872
4380,29219
52,39307
2459,30458
13866,40776
20323,41661
24681,39942
11424,41011
7637,31965
12418,28627
3906,40141
9137,40236
9808,32371
4302,34116
4059,41582
14332,32838
5240,33478
15581,42028
19853,31839
3260,42377
20992,42211
5344,33548
17353,33893
12312,40350
3463,37071
10858,28402
23309,36671
17541,41920
18845,41358
5710,40461
9911,30117
22235,38886
20830,27893
16640,37977
18578,29632
10330,27766
22128,28450
1740,29015
2123,28343
21036,37871
22111,28438
22548,41128
16748,30903
4297,35246
18195,42088
5460,28505
2768,27975
10244,29449
22605,41892
21923,28584
11174,31644
14028,31386
5117,30579
24013,39563
24939,40074
24799,33088
6964,33749
7766,34606
15668,28736
12237,30890
1663,30963
4471,42009
8545,38369
14945,32582
23453,32348
4151,39032
19931,31508
22293,33513
4729,36601
8412,39767
18321,33892
9742,37591
8585,34353
18107,28347
660,28822
20892,34537
21319,37517
19470,35389
4504,35736
8747,28108
23217,41702
11928,30145
26907,29320
26994,29642
20106,33166
23375,29400
20260,34772
11015,28516
16975,39420
4289,37960
13557,42160
19747,29922
721,29377
25359,38497
2817,34260
3604,27766
13411,35894
4913,33659
19394,32425
25002,37027
26135,35153
16757,41122
13289,28936
26926,37623
23818,38252
2470,37591
12634,27988
16873,36720
22749,41350
1281,36812
22267,29077
26398,40055
14859,29038
7873,40666
9400,39171
4276,30128
25420,29300
15955,40198
13128,41533
13855,39073
610,39756
17545,41041
13695,28169
21537,41669
12921,27772
11595,34463
26906,31622
22076,42016
4742,31740
3474,41452
24473,35291
20100,33729
15310,35270
27465,41288
27020,29265
6872,27745
27100,39630
9741,39907
19400,37501
9902,29611
10419,29012
5875,27727
22685,31325
10559,39877
6679,30590
2659,37560
25690,33118
10344,29393
6964,29245
1396,33316
585,32968
1626,40462
26897,33172
11636,35721
6309,40775
26195,28590
9029,33027
12772,40133
4987,33242
11717,41419
1687,38842
6060,34759
26502,31690
21353,33227
20460,36772
16196,28940
6094,29800
12335,31995
724,31081
10018,29798
23483,28654
26923,32946
9599,35398
23609,27931
24642,42168
13892,29486
26233,38785
25922,37942
17136,28101
8037,36795
13517,40008
22940,38770
26061,36763
26843,42102
11481,35492
22900,39941
20575,41165
1937,37993
9301,39081
9807,32032
9076,40835
7929,33327
15385,41805
18077,33284
7875,34917
24198,36689
15269,30404
20836,36325
20311,37630
10172,34027
6625,37826
1401,28382
26712,31948
12845,30461
21280,28306
23466,36071
7161,36419
14044,28674
18146,37067
4732,32150
21565,36800
18110,31351
23368,36256
3611,37559
7047,32295
6232,32827
18345,40773
23025,38993
21464,36512
20788,29088
2286,36965
18093,32854
16937,37872
27596,33265
7579,28440
1315,29149
25250,37604
22581,38375
9758,41211
16312,31771
19082,29551
23193,35582
23219,29363
3840,37568
19078,33112
21,28899
7433,37399
6062,32100
1096,36681
25193,28483
21165,27982
15326,33505
660,36730
23759,28438
22603,38394
14580,34970
19817,28613
14150,36572
13708,35108
8542,28830
11331,28753
7390,37593
1357,40588
21297,35074
7535,37741
22702,39350
7353,38164
21536,36179
21334,30555
7403,28652
22531,38065
12986,32736
2206,29429
6566,32236
3937,32866
15334,36490
2960,29430
11225,33373
8184,38673
5903,29353
24675,31462
10396,34957
16652,38270
26269,36307
13397,35573
25544,38170
26907,28216
3132,37258
4422,28241
3380,36016
23558,42196
2307,31552
18639,36138
6610,36936
17844,37766
15513,40860
21009,30194
11109,34211
7569,35786
9629,31699
21530,37328
6382,35006
7455,30402
19247,33978
11885,29086
21562,33244
11911,42303
2015,40469
23425,41493
9092,32504
18608,37240
17553,31037
17481,34805
22312,37943
24259,41376
20292,35428
13837,30424
5545,42023
9715,31692
11215,29298
21403,35207
26727,28452
2721,28927
7422,36970
2877,28182
20337,34165
15605,31810
23210,30050
3264,35697
18314,30358
23811,34714
3658,41818
8379,30315
8892,31969
8829,39698
4881,38251
23702,29546
10365,31267
6419,30800
19812,38615
14251,32727
21317,29907
10470,33352
4227,41822
24696,34743
12587,29828
10797,30801
20161,35896
18594,41081
6310,31597
18566,36498
14592,28591
2505,33166
5896,39849
24124,40502
3499,33658
22090,35981
25284,34281
15331,33956
20395,33077
754,28129
12680,41134
1283,33981
9150,30665
6842,36831
4529,39792
24587,31476
11418,39697
15301,27747
19241,30236
5827,28116
1254,35829
15715,38924
20965,34895
5457,31406
7105,38374
27238,33551
8649,30586
25295,33836
5167,40546
20725,34918
2212,32077
24181,29918
26215,31460
11562,33564
5741,29706
18033,29290
19371,39702
25817,31100
2739,27889
17797,29935
3730,41752
10412,41032
8520,36569
6726,28372
12215,36582
2049,29721
6250,37663
1568,39061
13278,30978
23480,34945
689,31742
381,35318
12915,38690
23268,32663
477,36090
22886,37709
13317,33272
24351,35411
4906,35992
9300,30147
9559,35354
11134,29225
20155,30591
10238,34342
4616,41748
12393,31960
24949,35036
24796,33547
20372,41088
8916,42037
22123,33704
7474,32638
12812,31935
18389,40748
12413,30420
2448,35234
23396,41960
16384,32420
17541,35542
25453,31005
10749,30981
25034,29617
23227,28726
22427,41741
6648,41620
10967,33382
5807,38264
20524,40171
13132,38609
2787,40844
3840,28277
4335,36137
9259,33565
12237,40173
17621,41246
27069,31118
6546,28311
18521,37430
14165,40098
21023,36889
18694,35739
20209,35958
13549,30502
2282,35021
5698,35066
5322,31767
25167,31899
21152,41235
23683,42114
21988,37645
22374,28271
23265,37064
7118,39128
15465,34986
17584,41395
4408,28107
11152,37739
20017,40307
3280,32070
20506,41863
9642,38907
23545,28524
16246,33749
16690,28594
16727,35776
25516,36186
4873,35576
1977,36229
19471,32904
9406,31180
4621,32191
1298,40306
2339,30150
19346,29052
20389,31245
20470,36955
21109,39282
11760,34555
17497,36652
17675,32302
6553,29849
1898,29943
973,32646
23746,31029
17509,30103
3048,32612
25163,36503
22085,34053
17642,31779
698,32548
5953,29719
17704,34754
4944,34981
15558,30235
5826,35268
20991,33649
22065,41745
18229,29388
24342,29454
23139,36512
11013,27983
20115,38171
15144,40592
25398,32732
18844,33654
15057,33224
27368,34038
6866,34505
3906,41502
25314,29365
13249,30803
14509,31718
14833,27803
6208,34166
15046,28858
25337,33071
26011,38941
14901,41306
7875,38107
15444,29510
7543,32276
21210,38951
20809,36172
22649,29341
9171,41940
20192,30196
14284,33634
3017,32743
10518,33874
23336,34590
18513,27799
18764,41682
20660,32626
814,32990
13028,31000
21913,39800
15936,29279
4162,38535
12860,36456
1409,39558
11579,36805
26941,32938
10856,31626
18824,40876
5378,39926
9831,34655
22329,32404
4339,32040
16895,40654
16904,40888
197,32891
8177,31457
12357,32801
2703,29653
25556,41636
17568,29297
16412,41055
21333,28997
26919,39078
11925,36419
25948,42224
16766,37868
4111,41089
20299,30882
11511,37609
17599,32748
10473,30872
27192,40466
16103,39629
14281,38816
4656,37473
19528,30671
10283,28402
17101,29480
26993,41318
14152,33877
5910,35205
11308,31252
5288,35238
23289,35479
21197,33123
23096,35001
75,40931
8600,30832
24645,37353
1367,37045
11358,31762
18834,36309
14368,39845
19854,31174
24985,31582
18944,31594
14546,27662
7740,41226
20633,33542
12469,42206
25572,30783
16102,31772
2720,30178
11595,38243
17932,41756
18967,33253
9831,39358
19812,36722
10911,41952
5329,41311
6826,41731
19436,39749
21433,31548
856,33872
15349,33989
19982,38644
2966,36893
25592,34641
13976,31059
19647,37331
18152,28152
547,36778
9596,37901
7769,32174
20875,34561
6174,37294
6544,33838
9633,36625
23834,32207
4057,32863
10998,37074
11179,28983
23286,42182
14447,28971
19029,40231
24013,36176
9092,28175
16963,36794
3031,32119
1523,41658
17792,29079
5464,31862
5407,29140
25009,29092
24549,38994
20774,29165
6339,38879
9879,39751
16798,35121
3723,38354
19874,31524
9296,33348
6884,40250
20178,41386
9062,37671
6648,33083
23254,38502
10507,38495
23771,36727
2649,41162
151,37829
19512,36330
3552,32400
26993,32532
7758,30399
22594,34682
25336,37350
22989,40314
5097,28594
13549,36731
26286,36773
23108,33055
24052,37923
26375,39515
25622,38974
22826,37368
25649,40771
26601,38620
722,28966
10657,34354
19652,37178
4736,38237
13422,34331
16603,34873
19021,35999
6901,35116
10305,41195
1178,30334
5239,31787
2213,31659
6784,40918
6137,32710
8237,38368
25974,37409
11638,28238
506,32715
9505,41064
24876,29620
9859,32662
344,28275
9178,31102
11513,38172
11911,39458
9537,30388
23588,35988
7495,37613
25762,34543
2956,30132
21221,30464
20819,35147
18963,38570
7916,41784
1900,42322
21114,38118
3883,39256
27196,40602
7766,41660
19456,29224
7242,42068
19885,42328
16020,40045
6309,37519
1748,37351
5624,36061
24252,42113
22859,31181
5261,28018
20121,40676
7967,37886
5388,27892
16652,33368
20536,31945
6280,37495
1290,39452
21130,35541
2853,27947
16426,32127
21391,34970
9725,33710
1267,41035
13673,34809
25021,32486
23659,35388
5376,40813
4854,38552
22703,37886
16338,35946
26055,30796
2900,33787
27065,38227
1394,41218
22202,34917
14624,33507
18233,41839
13667,35476
24418,36855
11421,34096
1512,37977
15164,28500
17503,41703
20080,36943
14693,31685
1059,32646
17396,34322
12624,38059
24764,41082
15007,34073
26104,31249
21754,28541
15131,38278
25423,31636
3143,34834
833,31468
3674,29889
20069,40257
13746,38246
7721,41254
1870,35754
23130,35720
14554,35736
5056,39376
18182,36531
7274,39173
27256,36171
4170,40499
22209,32655
25651,41834
20805,30560
10653,37834
1708,29191
7869,35507
19799,31948
5417,32511
25166,30916
10982,35316
18159,42385
7401,41608
10366,34434
23288,36454
13300,40350
16616,28279
24761,33218
22875,33432
5759,38120
23790,34505
22511,28787
836,29448
839,28135
27001,35973
26814,31444
23431,31108
13464,40752
25203,38024
21157,39677
19704,29682
13968,33151
16701,38379
10969,32359
2327,32704
21610,40127
23916,41841
23476,29012
7365,39685
13030,35325
9668,34768
24410,33268
23916,38766
22680,36353
4503,38288
2638,33014
24137,38575
6072,39848
864,32106
4307,31366
15975,31612
653,40266
22208,30676
24683,28563
25923,33092
7407,34275
2345,32518
15021,35370
12348,30412
9546,40535
13226,37206
26626,29155
17915,32991
27132,38971
18193,35430
20639,35071
2088,35929
13562,34077
19168,39005
24271,37342
24201,35385
21842,38260
1371,34845
4726,30336
14925,37103
20028,38401
21356,28232
24295,31075
23194,39896
2505,32686
15008,27777
1443,30768
16402,32639
7358,31274
219,32338
17528,37619
13076,29877
13255,31157
8887,33769
17605,28254
26447,29790
22386,34723
22115,29518
14758,39704
10272,36402
19038,37478
3578,33327
2613,36138
3291,27647
19911,30010
3442,36602
5038,40867
13146,28256
2692,35276
25863,30633
8834,34747
17914,41166
15474,40222
11769,32859
6207,35885
6569,27870
1968,27788
17370,33550
1043,39923
5689,38131
7075,40403
14441,36349
21366,35056
11667,29553
15634,35958
24352,40878
21104,30475
1814,30349
6084,33919
2221,27737
14654,32085
11504,30693
26503,38213
22706,33701
12149,29024
6691,41380
22356,32665
13633,33335
23799,30089
25844,31557
1056,35614
3493,36644
20530,37871
13199,32368
26793,42185
4431,39375
11674,36904
16632,39016
2802,30261
2696,37999
5886,31986
26969,37339
18981,36173
16340,29359
18127,36288
1662,39102
16002,34580
8227,37963
15676,33711
7582,36591
7457,34725
23458,40446
10350,34552
26780,37028
3527,37978
11344,40515
13104,31952
14174,39989
21975,36971
13532,29059
19345,30311
59,28033
8688,36682
5145,35276
452,28773
