8285,39200
337,35674
11832,35130
11010,36655
6422,34661
11083,35624
11945,39711
8604,31780
6233,40007
4346,32562
16519,30006
1198,39742
5330,32644
5730,33173
11920,30248
16325,28294
21898,35024
4032,29450
17186,31022
8011,35734
5475,28318
20939,34306
19009,37477
16221,40331
18949,33597
11549,33027
2906,29185
10343,36393
3909,34449
6430,34457
25505,35198
8778,32847
3161,34700
23589,39151
2628,36392
24435,39940
22143,38096
1012,29172
16356,29149
7162,28907
13100,35224
20281,37388
1105,38610
7835,32799
17883,29748
11196,35937
6897,38111
19935,33685
3121,31045
9748,28506
20273,35196
21824,29511
17607,38066
277,32283
26069,28395
21739,27811
26986,34913
25130,34496
19862,38462
21387,34853
20273,35196
15979,28369
16343,31972
22996,36420
11379,35015
14599,39532
11159,36380
1570,30958
3332,33699
3430,36029
26200,32223
8394,33428
6162,39459
21073,37654
15288,29684
8255,30262
4720,37930
1794,38492
22533,31148
16018,31478
17212,39224
20626,38272
21986,38735
23387,38372
24801,34001
7711,36042
11146,35177
2067,32416
27597,35159
3087,32473
26731,29651
19790,28057
14604,38409
24007,35428
2037,28270
25556,34395
17259,30837
6288,39537
911,38970
3928,35700
1539,37153
5041,32614
25728,37195
25623,39977
6653,27678
16919,33402
25249,36396
6043,34128
5078,36830
14138,34790
27599,37958
594,32304
4182,28511
6758,37690
18787,33587
734,31123
237,32270
16026,31481
11372,36267
6466,39233
9746,35049
26060,37679
16380,29006
9498,35403
12567,38641
7990,38443
18037,33542
3014,37601
14908,36931
6215,39708
16899,40012
7967,35907
6348,31334
25220,34739
16061,31021
8458,31262
23319,34762
18542,33572
16728,34814
17910,32114
4939,31450
26461,34082
4670,36135
12322,30833
5577,35795
11392,35862
6701,30907
14459,38697
374,32285
27111,34124
20300,36012
18092,33549
2429,28287
3782,28076
3217,38753
13813,39261
4077,35670
15399,29804
6741,28811
3780,32169
6298,32713
83,29459
25395,36027
15404,33286
6062,27811
26347,32253
7833,36486
560,32297
23760,38155
17896,31396
4224,29143
5967,34232
11582,28605
1376,28217
16767,31578
2455,31519
26775,37127
23590,39152
3534,29488
8885,35675
93,29670
9575,39506
2723,32454
21545,34968
10682,30452
27111,30067
359,38347
17256,28044
21493,35527
2876,36299
10505,39560
6279,32712
17916,33528
24114,36307
2021,30071
11811,35521
263,32279
1374,32347
12179,33067
26982,34114
654,35453
3332,33699
17596,31163
24841,31297
20841,39727
4652,30622
10169,31536
12428,39168
16862,33398
10414,36772
19294,33638
548,31371
4624,35935
1611,29476
8534,29214
19782,39737
8018,36284
8713,28543
3572,30285
22733,29905
20720,38508
9274,38207
15749,35131
9397,32896
24991,35114
13753,30649
8150,32814
4042,32541
17599,33492
22779,37767
27497,30997
26875,37921
26220,34909
12187,33074
6841,36504
14083,28120
21726,29879
21185,36858
27498,30994
26745,34100
20955,31648
25712,38349
4798,29584
21806,36001
16462,33354
11056,36367
22828,33853
10847,38999
13389,35467
24782,33999
14009,33181
2298,32433
1487,29189
21249,33057
3721,36943
9942,38200
2922,37221
19578,38903
14102,31059
8874,28202
14428,30019
4221,29143
5248,28276
16478,33356
9770,36300
19673,37975
18908,37816
24906,28177
354,37204
27182,28747
9617,39866
8913,37731
12520,36589
6890,32748
18119,33552
12410,37117
4340,38856
3028,31089
15312,35493
17846,33521
16559,29525
1805,28322
12962,35299
3514,30701
18340,30172
13023,34732
2779,38269
9753,32930
11583,28605
24853,28679
14541,28899
8760,29106
17127,33420
11540,33025
4264,36207
25932,34061
3029,31093
1946,35259
4833,29302
8225,39936
24288,29127
23050,34554
24059,30784
13131,35923
26189,38677
21047,39571
23597,39684
5683,36211
12496,37985
20359,29047
18562,36056
1979,36242
8934,32857
10678,36445
13819,37976
2044,32412
20441,31393
19029,37843
5559,36369
6103,36323
4331,30871
27186,34129
17665,30662
3143,34898
25789,31468
14113,39858
11530,33020
5589,34978
20499,35711
17388,29645
10395,36159
16325,33340
21695,29981
14271,28546
8804,39777
5150,32623
6209,36835
15793,36710
9380,32894
5335,37425
23644,35003
22432,31055
24315,39341
22074,33790
22682,33840
23884,39326
20038,33693
22514,37790
16991,31427
7478,32782
26745,28283
23060,33871
4270,39425
13726,39484
222,32267
23489,36567
13392,33126
10858,32996
7946,36574
25815,34046
23781,36223
5422,30317
16248,37829
25497,36134
24970,35035
18975,33604
308,30574
18501,36572
22734,28805
1092,32333
1822,37619
17286,33445
18071,33548
25184,36804
12185,33073
16447,39441
26380,36911
15342,35241
5220,32631
17375,35451
8197,31847
19167,34755
21992,30866
11059,36360
15376,37991
4071,37346
7548,29738
7238,30175
26088,30698
13792,31944
21373,38506
7670,34400
22533,31138
20469,34797
20134,28698
14761,29021
7742,34511
17221,28318
26924,29553
1845,32396
23752,37955
16914,29836
23003,35648
5319,38122
23731,33928
16732,34816
2961,35566
19954,33687
11694,36761
19896,35799
558,32296
8188,32819
21293,39568
15338,33283
24214,35098
15081,35857
26703,39800
23116,31061
16347,39904
10109,30836
2024,32589
200,30229
14668,38625
17840,33519
16482,28839
10920,37720
8997,39009
17828,31810
21136,36450
10858,31773
24964,36039
17511,28085
10750,38324
26392,36472
23805,37470
19192,31920
13471,33134
19110,34424
2964,34740
25622,39975
21367,39267
23097,33879
9646,37144
1795,38493
16900,35359
6120,28794
26781,39790
26283,38732
23693,38512
25082,34022
19116,31819
22433,33826
18933,27951
401,38056
7661,35112
17917,33527
24371,37804
14106,28089
16004,30888
14805,33248
24723,39417
24520,30412
18107,30939
24646,30796
23904,33949
17204,28497
20565,34588
13034,36287
6118,34654
4102,40564
21744,37662
14107,33200
5574,35710
24817,37939
25044,27761
5906,36547
14303,37497
25527,34394
4629,32571
5717,32675
18841,29110
23049,39448
10399,36133
6145,37724
17034,36570
367,32179
5029,37383
23016,28391
6875,30591
21561,35917
19055,33616
14988,28476
17018,33413
5922,28006
10172,31543
8753,28676
17715,32502
25861,28275
26187,38676
15405,41296
12194,33076
2692,34649
308,30574
19657,33672
25609,39600
18173,39002
26148,29194
15957,33307
12656,34541
374,32285
2333,30857
3887,31296
2194,32425
5935,32688
26909,38131
14992,29955
6932,34597
26819,36503
11399,36765
24438,39300
21848,38037
1807,32206
2585,34991
19069,35415
25177,36362
10245,41453
24521,33986
2575,35232
4880,32598
16483,34838
8533,30551
1689,28762
8880,31267
19819,27940
10221,34934
8883,31269
17587,39577
21332,35399
18919,37295
27020,34118
11331,35352
16131,31554
7162,32759
10147,36619
14244,37562
147,40936
27042,35691
25139,34996
17145,33427
21246,30197
26075,42400
11580,33037
2870,38280
18604,35536
16881,39008
26497,34086
13004,36849
427,27889
14860,30848
4179,32548
23076,33875
23506,38501
8782,28596
18495,28416
11046,34742
838,38684
18710,38388
13250,41202
23647,35002
14428,33220
991,38090
272,38650
6244,37746
9256,32889
5752,32676
2721,34029
3768,32511
13933,37536
6263,32710
9421,31287
16175,37468
5160,32625
3767,28297
25929,39607
2194,28712
27364,34155
16747,39265
21155,35135
22237,33812
5221,29131
5747,30404
18785,38825
8424,39863
80,29683
21468,31531
7053,35295
23078,30214
22187,41351
22230,28955
10108,32945
14843,33251
4292,37131
289,40860
7190,32765
7731,34328
19572,33666
11761,36384
10972,28122
26269,31201
7015,34435
19371,33646
22051,27895
7360,31692
3205,32479
17580,33490
9555,37266
25396,36028
20039,33694
2840,39594
18017,33538
26413,37872
18276,29720
19118,31819
22237,33812
12000,35722
11092,34885
14974,36998
11626,33042
18257,36812
17540,33481
3958,34475
10895,29255
9475,39145
5173,38570
13302,35554
5156,35388
165,37706
18058,33545
22519,37478
13426,33129
19922,35819
9031,30915
19598,35692
13959,28566
5040,39457
1184,31506
10546,34859
11728,35202
27504,31031
222,32267
10157,38874
5907,36548
742,34913
13506,31251
18701,33581
23008,42004
1709,27941
25230,35926
21251,38901
3356,30220
17886,29894
16144,33326
18797,40041
23757,38157
21992,33784
3891,34651
27102,34122
9186,35491
17128,33420
23530,33914
19663,37567
8407,35575
9473,39144
15536,32982
25041,34016
23589,39150
7894,35632
11976,35362
20040,29794
1070,27954
24283,38380
21165,34255
7652,35148
21423,35775
2578,34583
2235,29816
17887,38854
12774,33113
21899,36739
27404,34161
4477,37298
3168,34931
9675,37275
23586,33924
1103,38613
487,37253
26611,32955
3258,39124
21866,35155
16340,31776
25298,35830
27217,41773
11551,29764
14469,29500
13313,35585
5898,37665
635,41105
19287,33636
7083,32750
2386,34845
8280,32825
2003,30329
24908,28177
6759,37691
9651,37149
3604,37715
263,32279
11796,34703
15482,40972
18206,28103
2335,30857
6874,32744
1807,30202
17462,31290
4130,39082
24570,36948
14297,36546
3040,32187
8844,39700
14802,38959
13017,35543
19067,35413
21257,31642
17081,37546
11121,34694
6494,29704
3610,39915
13959,28566
18175,39003
682,31034
21890,29060
6974,39783
23072,33875
23230,36447
7661,35113
15499,37624
19455,29226
19760,33678
26670,28936
18735,33582
3943,35817
20875,38393
8325,37271
13792,31943
5717,32675
252,32274
23421,27869
4550,28614
11772,34330
26464,34082
15969,27851
26704,39803
12528,33099
6813,34937
17956,27737
19984,38742
17116,35285
14106,28089
14679,38768
20148,36980
14820,38126
6437,35240
541,39240
26464,31588
16218,31441
27308,37682
11674,37216
18092,33549
16609,33373
8685,37229
596,32305
4539,31883
25243,36920
21140,35246
2450,32447
3816,32522
1817,36407
11923,34752
16746,39264
16516,30006
16892,29414
27498,30996
23551,33920
10463,36535
24656,33994
22353,31608
17258,28046
5105,32616
682,32312
7982,36149
10173,29591
7007,35798
9477,37893
10286,36749
11403,35803
14625,39705
25399,34461
25317,35255
16941,33409
20994,33734
8538,33233
24428,37678
2170,32423
121,35458
25024,35836
9642,39716
12650,35943
9977,39118
19272,39046
27186,34131
13998,35770
4444,29660
24267,37509
11575,33032
13357,35863
13754,30145
16479,33771
9109,32881
18456,30697
30,38196
10936,39925
12233,31212
17199,30723
1505,31584
15825,35291
45,31764
7161,28907
16577,30514
10783,28509
2275,32431
14018,33184
25723,37505
16610,28098
3114,35959
16188,33329
11271,33014
25772,39154
1029,31128
16594,38094
19052,33613
22864,39659
6319,35672
1223,32342
12052,33054
27199,34132
2541,32453
15076,33266
6348,32715
27184,34129
2622,35248
2485,32452
1008,28628
14364,37647
17794,33509
11172,34972
7766,36853
24180,31051
17131,38061
14215,32206
14492,33230
557,31805
25644,28369
571,32299
18286,38441
18231,33556
8394,30359
14121,36411
22297,33817
2984,38526
26784,39793
13734,38240
6,36540
7229,30164
9694,32029
26831,34102
14942,33258
21462,33763
8107,35955
3676,34489
17606,38064
13527,37659
14996,37602
19706,34765
4308,32558
13282,36656
4850,32592
17745,37097
20507,33716
1848,32395
17500,33473
27307,37681
18252,34878
11057,34976
21557,28391
11679,39620
22746,33847
24476,28862
2927,39661
25378,34821
27504,28270
19178,35612
8309,34577
16831,39106
18304,38596
24875,29999
12029,38860
26482,37074
56,32251
1681,35066
3733,32509
8642,37747
23272,37762
294,35054
4749,27646
19164,30735
10876,33002
23347,35397
1703,32373
25435,35883
14740,31885
17656,41429
13551,39435
15012,33260
11238,36075
2163,32419
3825,32532
1885,32397
7695,34896
1821,37618
16960,31619
21227,34339
16576,33367
6739,32736
24391,33976
8409,38931
927,36035
6814,34938
581,34404
13821,27957
15939,28868
17033,36569
16353,29987
15549,33293
26088,30699
24961,35189
23784,35312
22775,38267
7712,36208
3395,38500
17379,33462
18735,28587
12903,36154
18741,38830
26361,34079
16889,29416
19226,36095
21809,36002
16837,29318
27043,35690
2784,32457
11905,33049
15740,34675
18771,31314
16769,31572
18473,34440
11386,35542
16496,39691
13636,38996
14992,29955
24783,39759
24537,28974
12559,39164
17819,33517
24894,30593
7529,41600
26184,39335
22520,37480
6186,37060
20405,37940
17543,33481
10586,37934
7748,36047
11735,35741
485,30000
19606,35235
6203,36963
23288,29596
4926,41992
13167,31490
19936,33685
13426,27994
19892,32548
10515,40312
9269,40315
20021,31248
19051,32667
11900,28914
13978,29127
19223,29442
2076,36167
17469,33519
25904,28307
4795,39383
8006,33396
4688,32090
20887,28156
10075,27672
20019,29145
12726,35244
9619,35697
6369,31936
21971,33074
3102,33574
22223,34045
5138,32032
10627,40094
17257,37211
7212,38671
7263,29378
16008,32531
19535,38906
1758,39112
8116,33785
8516,28605
11764,37077
24122,36403
1192,41310
19164,37818
14207,40271
4340,40573
1903,38583
25580,38682
25177,39294
6923,33335
18765,36769
22987,33060
6618,40948
4492,31758
20819,42285
15055,28337
23443,39367
26316,33992
21348,35064
8511,36817
6415,41608
23775,31697
26259,31055
355,41231
3159,32100
1110,41181
23075,28070
24629,38265
9481,27722
13614,35433
3927,41110
16030,36661
11372,32536
11318,34499
27570,31567
14746,33165
1007,28896
10101,40033
11317,39568
9351,33368
23546,32562
14529,40374
21466,31799
20004,40355
1939,41469
6036,32817
10180,38737
9491,28652
23637,42087
8292,31719
15303,27928
5093,28594
18974,30311
6899,34413
26981,28078
18091,30747
4500,36704
10163,35790
3465,39582
19118,40112
1732,35845
19449,38673
3964,33865
15397,34377
8564,30057
7364,28424
22745,29937
2597,30102
25516,40089
3831,41189
1496,32837
12039,29957
12436,37482
893,39067
8655,29276
5914,36236
3575,30955
23876,40569
17642,39726
20032,39397
16164,37647
1039,31807
4851,33317
10183,29723
10009,36741
796,33592
26469,31190
24126,35143
9137,34669
8623,32851
8417,32020
23132,28726
5896,39319
13710,29235
20367,38285
7827,41777
13388,37565
23828,30508
14402,42353
2281,40156
6202,28471
27387,31607
24859,35149
22652,32080
21031,39989
3298,36517
26748,38132
24570,37648
5273,41985
16225,38712
11402,42284
2404,36496
833,42082
21868,28613
24136,33622
7587,40105
10789,29297
13407,38935
5548,34960
16648,40944
24007,34213
14995,40017
11485,27676
4713,39604
26633,42203
6716,36273
14778,37459
19253,38828
8300,29339
13066,35122
2600,30256
18179,35626
4122,31009
21953,35438
10246,41121
4648,28187
5184,42036
9505,38253
4035,40028
15747,36972
17392,30758
27049,34778
13821,41779
26369,40198
15655,29306
25062,39328
21087,42201
21040,31276
26170,29031
471,35951
5833,32192
15881,29465
9025,34472
24904,35706
21329,34771
17393,36791
25016,33114
5497,36407
1177,32188
20429,37360
22291,28813
8517,35589
20805,36341
4243,32830
18680,34492
18311,29713
21494,38668
16598,41171
7504,36542
6149,38497
10120,35194
7923,33610
19087,28054
11198,31131
13183,28286
10756,34948
25808,35347
8137,32832
26585,33553
8004,29626
20845,31093
846,34733
17596,31593
24009,30855
26535,32911
19124,40424
15275,39063
27452,41376
3368,34790
25347,41428
21224,33177
17488,31769
14660,37601
5418,39864
8936,29455
23165,35295
22048,37773
21638,32727
16710,27990
8617,31157
15061,32248
21263,29853
26240,32610
21370,27820
22833,41184
2070,33867
17649,36713
1694,34254
12360,40189
21004,36994
9312,36891
21389,39648
17556,38726
10181,29044
9384,32199
680,28186
13035,35005
5002,29579
3896,36621
21292,41549
2815,36720
7485,39630
23545,37970
24993,34228
4385,28526
16178,33548
3070,40714
26127,29900
14842,41953
8764,31229
20608,39984
5659,35990
14011,41907
7309,32771
23031,39470
19601,37869
1257,41515
20421,31281
18121,41044
15284,28279
21267,29562
23070,34728
1310,34146
23318,35371
22986,36324
4808,32486
19336,32826
22912,30638
6911,30647
10945,37838
8619,32053
12652,38631
5842,42014
11736,33345
11791,30749
21868,27803
3966,36959
21636,33506
26659,30752
21703,38967
794,35238
23527,38179
26234,32350
22090,28192
21374,31423
12463,34131
2914,32505
26170,38117
1137,33736
4012,38138
16255,38180
20516,28032
26807,32876
367,39831
22140,39791
345,40058
3868,31391
4930,42329
487,35964
6085,32648
1294,33988
11982,36432
3094,37577
8279,32284
26436,40678
20540,30180
22457,35123
18162,31995
21875,29549
5695,39744
19312,37627
7239,31736
7448,40959
22954,34138
8625,31681
17618,36520
15964,28173
786,31406
19116,36640
5729,29473
15934,41468
2620,32209
13509,32178
10418,33930
5724,39457
24433,31580
19990,40283
8682,31116
6498,42358
8401,33864
24594,41025
1059,27835
23541,40242
23846,28856
233,33321
17340,29837
9845,37307
6949,40859
22553,33575
19758,31826
10392,31960
215,33668
16792,31315
17981,29723
5348,33915
18102,29323
24470,31973
8863,33650
23539,41346
18834,34329
21707,35543
22331,29477
7812,27706
8220,35797
2215,36013
26070,34193
21250,27900
15157,37746
12547,29244
10886,34847
18813,39676
3277,28431
6542,30216
8580,41212
23324,32370
951,36821
19009,38157
3764,32959
22099,34973
6440,28471
15310,37773
21970,41334
23412,34307
16838,41750
4184,40433
4250,30637
8306,34222
18214,41808
7467,35038
13644,39865
6482,39416
8228,35765
21138,34289
15695,29548
2682,37831
21919,31208
2940,29505
1226,31096
10015,41923
21470,37090
2872,32596
21387,30052
19567,41832
3012,39955
18208,33624
3507,40248
25581,34790
24603,31683
10932,29986
27452,31323
3241,35545
23484,42326
16063,39108
2114,38145
13891,35791
18401,28913
13072,29968
24395,39523
3909,34986
20392,36540
21127,41325
9949,35561
10493,37779
17222,37946
17373,32975
14298,30497
11598,37390
6022,40136
12890,31170
26732,31179
19305,34656
13610,42364
6213,35771
8653,35836
21321,30957
24046,39189
24681,30654
20263,31626
24019,31470
11179,38814
24584,34730
13209,40612
4876,27937
11648,30106
9806,33896
26571,36054
5989,31038
20553,29943
22341,38852
14299,40699
18368,35046
17188,37890
11744,37598
15667,41827
7387,32705
25982,36494
27519,35940
6924,31501
13596,39369
10278,29693
4265,28594
16944,40572
20834,39545
26033,39567
15521,29941
18489,28552
13733,31574
27030,33646
19636,36769
15356,41737
19406,30900
24748,40529
3527,40639
17940,31787
14649,39987
3038,30109
10535,28069
15114,31152
16715,41301
21354,35992
11767,33792
23680,33022
4081,36072
18592,28323
11436,41153
4712,37676
18790,36748
12342,33620
23318,35899
9381,41540
21000,40980
19433,37814
3405,35809
433,31941
14052,36837
1514,38822
24962,31965
15494,30614
8894,33376
3081,35550
21327,30188
2982,41994
22402,36456
11707,42057
5891,38677
518,39896
25084,33243
10361,40969
14713,37954
21015,31996
24679,34241
3725,30483
18056,27995
7459,30143
21522,29912
18079,41928
18324,30203
10280,28871
16420,29937
13345,40844
7202,33293
10446,40176
657,40195
27302,42158
5424,40418
6549,40776
10533,37048
8872,35516
7538,35645
12550,32027
21647,37046
11381,39785
15700,34881
19990,36616
6651,36341
14039,40764
17280,35434
5640,36392
24298,36502
1091,32347
3046,30895
18911,38899
25294,35123
13037,32601
7943,36716
16350,36009
27000,34032
2040,41134
4909,36270
1227,29222
2231,32280
5886,40765
23785,37602
11102,32492
1425,36732
24655,30655
7787,41287
16893,41646
2256,39314
22625,37532
25683,41561
1255,41055
8528,37047
9901,37402
23777,34889
4538,35921
27054,28979
10840,29972
7108,40467
23680,40022
20905,36367
3327,29841
26470,41582
5824,38503
3096,38877
25359,41304
8069,39500
810,35011
7789,30134
13988,34017
20360,38698
6364,34434
710,33951
11785,34279
3073,35346
17552,36012
17758,39423
5665,36602
7838,39355
2539,41945
23403,32267
6873,39911
13491,33251
15884,37905
17831,37980
21547,28758
22770,38669
10625,30808
2075,30857
13651,38110
5669,29446
23643,34319
25185,41734
3925,35970
1325,29459
21798,35127
10747,40014
241,32708
16922,31718
3885,37345
13427,40851
22316,36836
21255,27852
18287,37553
21479,35976
16074,30416
12447,30751
23999,31570
19386,39338
8738,41902
21841,28354
26928,28531
24364,41565
22581,40718
15458,31038
1039,38060
27538,34587
15956,42096
4299,29640
25840,40869
25632,42012
14140,32232
7661,41579
14487,27864
15794,38998
231,36663
9465,40138
25858,39589
2298,35297
18259,35604
15493,38247
3506,37445
24427,30188
12319,34919
25537,28244
12469,32617
17016,29374
2957,38687
21879,37465
20325,36777
5697,41091
25370,34643
16072,41139
10177,29232
23919,36557
6479,39322
21498,27697
10499,29595
104,40241
8729,29456
23443,32369
13293,32439
21336,31165
1214,34217
23842,39769
22953,36311
27097,34200
10084,40828
9410,34769
18838,29000
24166,42272
18014,32872
25040,39920
5166,28823
10721,30432
1122,41758
22286,32628
10770,42288
21812,27845
2749,41335
9723,35199
21163,29930
19292,34555
16201,27996
13641,38130
7162,41499
8913,37290
11082,35086
11114,32270
17790,41234
15510,37658
7820,41042
22880,41843
18695,27978
21155,33216
16977,42053
9890,28869
149,33904
15826,30204
15259,30865
22920,39305
26265,42025
26103,31376
22586,42142
18684,30411
16805,40564
21637,39652
11213,41713
5609,36187
10526,35258
19550,31928
1848,39614
20965,42034
5296,36808
26249,30768
10530,30678
16597,35194
6603,31327
18902,27799
5718,39685
12579,32906
8782,31119
11006,33440
8185,42348
27306,34910
15411,28233
5782,34908
15889,32215
16192,32670
16702,38545
27006,35861
22345,33984
27260,33524
12651,38806
26053,34420
22796,37853
8443,41178
16614,36491
2295,41791
23594,38039
991,28956
6197,35170
19861,38363
19840,41206
24219,38340
7104,40506
10796,37600
17734,30037
5375,29858
26465,41044
12410,29521
11340,36180
5254,40838
7770,36674
2586,33674
10403,31923
14260,28193
13984,41289
17922,34090
13328,37872
8418,32361
27112,30836
5626,29112
2707,28425
9102,34902
5972,32992
26366,35929
7708,35177
23767,37616
1976,30084
16278,35789
16738,30617
3619,38301
18012,28186
22744,28856
7361,42083
10545,34840
17883,40095
18492,37546
14849,34120
17534,38345
5131,34813
8241,42197
16692,37163
3113,31555
15453,30817
5001,41025
19710,32752
26842,27961
24715,38659
14119,27724
26758,37556
15379,35575
7929,38276
7792,33303
14307,41686
16609,40324
2390,29618
4744,40971
21982,30998
1734,41870
15572,37734
6178,40180
12730,38735
21858,39705
5630,32963
16975,38509
18969,28743
11672,35727
20756,34252
14870,33718
14624,30785
15015,34920
19038,38360
22422,38006
25539,36434
24529,36069
5289,34999
14929,40278
13771,32942
14603,32383
487,34783
8398,40547
5817,42058
12150,39044
5548,37181
9977,35367
11053,27862
18877,31836
5467,28969
7981,33013
3922,38704
12927,31136
2731,31498
19396,38939
14464,28659
26906,30288
8217,38351
10883,38370
24760,40342
16939,40619
4445,37917
27063,41331
17671,36567
7130,40364
6038,42033
21844,28738
147,31408
3371,39249
21138,40919
1159,38324
23993,33662
6316,29348
5293,32705
4162,34045
6999,39726
8220,28072
2708,31191
6869,40970
21151,37826
17913,32396
12876,38477
22064,30026
22884,38209
6477,36719
18484,33270
908,31551
16215,33106
17957,29699
4430,33922
20281,41229
15549,40649
19346,31202
122,41437
12775,37160
3177,38578
15941,37878
23429,39529
20256,28271
5198,37544
19244,34440
18446,36110
16166,31079
1916,35347
18370,36943
23590,31205
20734,41639
22588,32445
2513,27794
488,32333
13428,41319
24049,30997
1523,36359
23396,28929
23504,35492
16763,28962
10169,36683
7543,28934
21485,29185
10266,40596
9167,32163
22865,36699
25214,34714
19455,42173
23020,36244
12770,36231
6329,36204
4567,30233
12920,31448
2078,42128
21463,40812
22549,32975
2682,37313
11164,27889
19831,40043
7871,32426
12875,36161
10120,33873
3010,34048
20531,30343
9323,34345
24258,30867
20697,34493
65,42336
22534,35552
12642,32045
4962,35593
20176,31985
24149,36940
12757,35417
22848,41038
15411,38713
368,42295
4259,30689
3024,39372
4466,33685
19278,42220
5270,34880
24471,39809
7581,38172
15706,38631
11481,35025
15230,38781
7018,32004
22216,39396
12289,36670
20769,29890
10997,28154
18542,37617
10392,29467
10477,29823
23141,38149
3005,41558
22406,41063
22592,39246
22744,41518
20383,34887
21372,30653
4610,31529
26815,32618
6559,38646
26537,41939
18970,34320
22407,41824
8742,40342
2194,33224
21247,29672
11562,35259
22638,41987
12519,32517
12084,30427
11832,28079
17406,29893
6822,28177
18296,29478
9763,28338
27536,33256
2732,40822
2950,33014
9809,32718
14952,41919
8600,34417
24840,29951
4725,34479
7773,39115
21464,27821
5149,30370
16464,34696
9734,40757
7010,38747
19106,38545
12071,29299
10797,34408
7982,33185
7390,32872
12975,39947
